---------------------------------
Before sorting 
312
424
259
374
387
225
188
207
352
179
495
221
52
393
433
192
282
347
452
127
275
109
396
146
104
108
137
185
271
324
182
491
227
499
147
447
186
285
229
177
469
66
327
240
381
293
370
18
88
87
65
51
48
411
404
170
343
458
329
181
212
330
281
383
234
288
267
118
214
486
409
30
429
280
107
92
157
114
365
4
168
425
209
139
399
286
314
342
331
346
413
384
488
999
111
155
202
289
462
196
211
1024
6542
_               _
a               b
---------------------------------
exec rra-------instruction number 1

6542
312
424
259
374
387
225
188
207
352
179
495
221
52
393
433
192
282
347
452
127
275
109
396
146
104
108
137
185
271
324
182
491
227
499
147
447
186
285
229
177
469
66
327
240
381
293
370
18
88
87
65
51
48
411
404
170
343
458
329
181
212
330
281
383
234
288
267
118
214
486
409
30
429
280
107
92
157
114
365
4
168
425
209
139
399
286
314
342
331
346
413
384
488
999
111
155
202
289
462
196
211
1024
_               _
a               b
---------------------------------
exec rra-------instruction number 2

1024
6542
312
424
259
374
387
225
188
207
352
179
495
221
52
393
433
192
282
347
452
127
275
109
396
146
104
108
137
185
271
324
182
491
227
499
147
447
186
285
229
177
469
66
327
240
381
293
370
18
88
87
65
51
48
411
404
170
343
458
329
181
212
330
281
383
234
288
267
118
214
486
409
30
429
280
107
92
157
114
365
4
168
425
209
139
399
286
314
342
331
346
413
384
488
999
111
155
202
289
462
196
211
_               _
a               b
---------------------------------
exec rra-------instruction number 3

211
1024
6542
312
424
259
374
387
225
188
207
352
179
495
221
52
393
433
192
282
347
452
127
275
109
396
146
104
108
137
185
271
324
182
491
227
499
147
447
186
285
229
177
469
66
327
240
381
293
370
18
88
87
65
51
48
411
404
170
343
458
329
181
212
330
281
383
234
288
267
118
214
486
409
30
429
280
107
92
157
114
365
4
168
425
209
139
399
286
314
342
331
346
413
384
488
999
111
155
202
289
462
196
_               _
a               b
---------------------------------
exec rra-------instruction number 4

196
211
1024
6542
312
424
259
374
387
225
188
207
352
179
495
221
52
393
433
192
282
347
452
127
275
109
396
146
104
108
137
185
271
324
182
491
227
499
147
447
186
285
229
177
469
66
327
240
381
293
370
18
88
87
65
51
48
411
404
170
343
458
329
181
212
330
281
383
234
288
267
118
214
486
409
30
429
280
107
92
157
114
365
4
168
425
209
139
399
286
314
342
331
346
413
384
488
999
111
155
202
289
462
_               _
a               b
---------------------------------
exec rra-------instruction number 5

462
196
211
1024
6542
312
424
259
374
387
225
188
207
352
179
495
221
52
393
433
192
282
347
452
127
275
109
396
146
104
108
137
185
271
324
182
491
227
499
147
447
186
285
229
177
469
66
327
240
381
293
370
18
88
87
65
51
48
411
404
170
343
458
329
181
212
330
281
383
234
288
267
118
214
486
409
30
429
280
107
92
157
114
365
4
168
425
209
139
399
286
314
342
331
346
413
384
488
999
111
155
202
289
_               _
a               b
---------------------------------
exec rra-------instruction number 6

289
462
196
211
1024
6542
312
424
259
374
387
225
188
207
352
179
495
221
52
393
433
192
282
347
452
127
275
109
396
146
104
108
137
185
271
324
182
491
227
499
147
447
186
285
229
177
469
66
327
240
381
293
370
18
88
87
65
51
48
411
404
170
343
458
329
181
212
330
281
383
234
288
267
118
214
486
409
30
429
280
107
92
157
114
365
4
168
425
209
139
399
286
314
342
331
346
413
384
488
999
111
155
202
_               _
a               b
---------------------------------
exec rra-------instruction number 7

202
289
462
196
211
1024
6542
312
424
259
374
387
225
188
207
352
179
495
221
52
393
433
192
282
347
452
127
275
109
396
146
104
108
137
185
271
324
182
491
227
499
147
447
186
285
229
177
469
66
327
240
381
293
370
18
88
87
65
51
48
411
404
170
343
458
329
181
212
330
281
383
234
288
267
118
214
486
409
30
429
280
107
92
157
114
365
4
168
425
209
139
399
286
314
342
331
346
413
384
488
999
111
155
_               _
a               b
---------------------------------
exec rra-------instruction number 8

155
202
289
462
196
211
1024
6542
312
424
259
374
387
225
188
207
352
179
495
221
52
393
433
192
282
347
452
127
275
109
396
146
104
108
137
185
271
324
182
491
227
499
147
447
186
285
229
177
469
66
327
240
381
293
370
18
88
87
65
51
48
411
404
170
343
458
329
181
212
330
281
383
234
288
267
118
214
486
409
30
429
280
107
92
157
114
365
4
168
425
209
139
399
286
314
342
331
346
413
384
488
999
111
_               _
a               b
---------------------------------
exec rra-------instruction number 9

111
155
202
289
462
196
211
1024
6542
312
424
259
374
387
225
188
207
352
179
495
221
52
393
433
192
282
347
452
127
275
109
396
146
104
108
137
185
271
324
182
491
227
499
147
447
186
285
229
177
469
66
327
240
381
293
370
18
88
87
65
51
48
411
404
170
343
458
329
181
212
330
281
383
234
288
267
118
214
486
409
30
429
280
107
92
157
114
365
4
168
425
209
139
399
286
314
342
331
346
413
384
488
999
_               _
a               b
---------------------------------
exec pb-------instruction number 10

155
202
289
462
196
211
1024
6542
312
424
259
374
387
225
188
207
352
179
495
221
52
393
433
192
282
347
452
127
275
109
396
146
104
108
137
185
271
324
182
491
227
499
147
447
186
285
229
177
469
66
327
240
381
293
370
18
88
87
65
51
48
411
404
170
343
458
329
181
212
330
281
383
234
288
267
118
214
486
409
30
429
280
107
92
157
114
365
4
168
425
209
139
399
286
314
342
331
346
413
384
488
999               111
_               _
a               b
---------------------------------
exec rra-------instruction number 11

999
155
202
289
462
196
211
1024
6542
312
424
259
374
387
225
188
207
352
179
495
221
52
393
433
192
282
347
452
127
275
109
396
146
104
108
137
185
271
324
182
491
227
499
147
447
186
285
229
177
469
66
327
240
381
293
370
18
88
87
65
51
48
411
404
170
343
458
329
181
212
330
281
383
234
288
267
118
214
486
409
30
429
280
107
92
157
114
365
4
168
425
209
139
399
286
314
342
331
346
413
384
488               111
_               _
a               b
---------------------------------
exec rra-------instruction number 12

488
999
155
202
289
462
196
211
1024
6542
312
424
259
374
387
225
188
207
352
179
495
221
52
393
433
192
282
347
452
127
275
109
396
146
104
108
137
185
271
324
182
491
227
499
147
447
186
285
229
177
469
66
327
240
381
293
370
18
88
87
65
51
48
411
404
170
343
458
329
181
212
330
281
383
234
288
267
118
214
486
409
30
429
280
107
92
157
114
365
4
168
425
209
139
399
286
314
342
331
346
413
384               111
_               _
a               b
---------------------------------
exec rra-------instruction number 13

384
488
999
155
202
289
462
196
211
1024
6542
312
424
259
374
387
225
188
207
352
179
495
221
52
393
433
192
282
347
452
127
275
109
396
146
104
108
137
185
271
324
182
491
227
499
147
447
186
285
229
177
469
66
327
240
381
293
370
18
88
87
65
51
48
411
404
170
343
458
329
181
212
330
281
383
234
288
267
118
214
486
409
30
429
280
107
92
157
114
365
4
168
425
209
139
399
286
314
342
331
346
413               111
_               _
a               b
---------------------------------
exec rra-------instruction number 14

413
384
488
999
155
202
289
462
196
211
1024
6542
312
424
259
374
387
225
188
207
352
179
495
221
52
393
433
192
282
347
452
127
275
109
396
146
104
108
137
185
271
324
182
491
227
499
147
447
186
285
229
177
469
66
327
240
381
293
370
18
88
87
65
51
48
411
404
170
343
458
329
181
212
330
281
383
234
288
267
118
214
486
409
30
429
280
107
92
157
114
365
4
168
425
209
139
399
286
314
342
331
346               111
_               _
a               b
---------------------------------
exec rra-------instruction number 15

346
413
384
488
999
155
202
289
462
196
211
1024
6542
312
424
259
374
387
225
188
207
352
179
495
221
52
393
433
192
282
347
452
127
275
109
396
146
104
108
137
185
271
324
182
491
227
499
147
447
186
285
229
177
469
66
327
240
381
293
370
18
88
87
65
51
48
411
404
170
343
458
329
181
212
330
281
383
234
288
267
118
214
486
409
30
429
280
107
92
157
114
365
4
168
425
209
139
399
286
314
342
331               111
_               _
a               b
---------------------------------
exec rra-------instruction number 16

331
346
413
384
488
999
155
202
289
462
196
211
1024
6542
312
424
259
374
387
225
188
207
352
179
495
221
52
393
433
192
282
347
452
127
275
109
396
146
104
108
137
185
271
324
182
491
227
499
147
447
186
285
229
177
469
66
327
240
381
293
370
18
88
87
65
51
48
411
404
170
343
458
329
181
212
330
281
383
234
288
267
118
214
486
409
30
429
280
107
92
157
114
365
4
168
425
209
139
399
286
314
342               111
_               _
a               b
---------------------------------
exec rra-------instruction number 17

342
331
346
413
384
488
999
155
202
289
462
196
211
1024
6542
312
424
259
374
387
225
188
207
352
179
495
221
52
393
433
192
282
347
452
127
275
109
396
146
104
108
137
185
271
324
182
491
227
499
147
447
186
285
229
177
469
66
327
240
381
293
370
18
88
87
65
51
48
411
404
170
343
458
329
181
212
330
281
383
234
288
267
118
214
486
409
30
429
280
107
92
157
114
365
4
168
425
209
139
399
286
314               111
_               _
a               b
---------------------------------
exec rra-------instruction number 18

314
342
331
346
413
384
488
999
155
202
289
462
196
211
1024
6542
312
424
259
374
387
225
188
207
352
179
495
221
52
393
433
192
282
347
452
127
275
109
396
146
104
108
137
185
271
324
182
491
227
499
147
447
186
285
229
177
469
66
327
240
381
293
370
18
88
87
65
51
48
411
404
170
343
458
329
181
212
330
281
383
234
288
267
118
214
486
409
30
429
280
107
92
157
114
365
4
168
425
209
139
399
286               111
_               _
a               b
---------------------------------
exec rra-------instruction number 19

286
314
342
331
346
413
384
488
999
155
202
289
462
196
211
1024
6542
312
424
259
374
387
225
188
207
352
179
495
221
52
393
433
192
282
347
452
127
275
109
396
146
104
108
137
185
271
324
182
491
227
499
147
447
186
285
229
177
469
66
327
240
381
293
370
18
88
87
65
51
48
411
404
170
343
458
329
181
212
330
281
383
234
288
267
118
214
486
409
30
429
280
107
92
157
114
365
4
168
425
209
139
399               111
_               _
a               b
---------------------------------
exec rra-------instruction number 20

399
286
314
342
331
346
413
384
488
999
155
202
289
462
196
211
1024
6542
312
424
259
374
387
225
188
207
352
179
495
221
52
393
433
192
282
347
452
127
275
109
396
146
104
108
137
185
271
324
182
491
227
499
147
447
186
285
229
177
469
66
327
240
381
293
370
18
88
87
65
51
48
411
404
170
343
458
329
181
212
330
281
383
234
288
267
118
214
486
409
30
429
280
107
92
157
114
365
4
168
425
209
139               111
_               _
a               b
---------------------------------
exec rra-------instruction number 21

139
399
286
314
342
331
346
413
384
488
999
155
202
289
462
196
211
1024
6542
312
424
259
374
387
225
188
207
352
179
495
221
52
393
433
192
282
347
452
127
275
109
396
146
104
108
137
185
271
324
182
491
227
499
147
447
186
285
229
177
469
66
327
240
381
293
370
18
88
87
65
51
48
411
404
170
343
458
329
181
212
330
281
383
234
288
267
118
214
486
409
30
429
280
107
92
157
114
365
4
168
425
209               111
_               _
a               b
---------------------------------
exec rra-------instruction number 22

209
139
399
286
314
342
331
346
413
384
488
999
155
202
289
462
196
211
1024
6542
312
424
259
374
387
225
188
207
352
179
495
221
52
393
433
192
282
347
452
127
275
109
396
146
104
108
137
185
271
324
182
491
227
499
147
447
186
285
229
177
469
66
327
240
381
293
370
18
88
87
65
51
48
411
404
170
343
458
329
181
212
330
281
383
234
288
267
118
214
486
409
30
429
280
107
92
157
114
365
4
168
425               111
_               _
a               b
---------------------------------
exec rra-------instruction number 23

425
209
139
399
286
314
342
331
346
413
384
488
999
155
202
289
462
196
211
1024
6542
312
424
259
374
387
225
188
207
352
179
495
221
52
393
433
192
282
347
452
127
275
109
396
146
104
108
137
185
271
324
182
491
227
499
147
447
186
285
229
177
469
66
327
240
381
293
370
18
88
87
65
51
48
411
404
170
343
458
329
181
212
330
281
383
234
288
267
118
214
486
409
30
429
280
107
92
157
114
365
4
168               111
_               _
a               b
---------------------------------
exec rra-------instruction number 24

168
425
209
139
399
286
314
342
331
346
413
384
488
999
155
202
289
462
196
211
1024
6542
312
424
259
374
387
225
188
207
352
179
495
221
52
393
433
192
282
347
452
127
275
109
396
146
104
108
137
185
271
324
182
491
227
499
147
447
186
285
229
177
469
66
327
240
381
293
370
18
88
87
65
51
48
411
404
170
343
458
329
181
212
330
281
383
234
288
267
118
214
486
409
30
429
280
107
92
157
114
365
4               111
_               _
a               b
---------------------------------
exec rra-------instruction number 25

4
168
425
209
139
399
286
314
342
331
346
413
384
488
999
155
202
289
462
196
211
1024
6542
312
424
259
374
387
225
188
207
352
179
495
221
52
393
433
192
282
347
452
127
275
109
396
146
104
108
137
185
271
324
182
491
227
499
147
447
186
285
229
177
469
66
327
240
381
293
370
18
88
87
65
51
48
411
404
170
343
458
329
181
212
330
281
383
234
288
267
118
214
486
409
30
429
280
107
92
157
114
365               111
_               _
a               b
---------------------------------
exec pb-------instruction number 26

168
425
209
139
399
286
314
342
331
346
413
384
488
999
155
202
289
462
196
211
1024
6542
312
424
259
374
387
225
188
207
352
179
495
221
52
393
433
192
282
347
452
127
275
109
396
146
104
108
137
185
271
324
182
491
227
499
147
447
186
285
229
177
469
66
327
240
381
293
370
18
88
87
65
51
48
411
404
170
343
458
329
181
212
330
281
383
234
288
267
118
214
486
409
30
429
280
107
92
157
114               4
365               111
_               _
a               b
---------------------------------
exec rra-------instruction number 27

365
168
425
209
139
399
286
314
342
331
346
413
384
488
999
155
202
289
462
196
211
1024
6542
312
424
259
374
387
225
188
207
352
179
495
221
52
393
433
192
282
347
452
127
275
109
396
146
104
108
137
185
271
324
182
491
227
499
147
447
186
285
229
177
469
66
327
240
381
293
370
18
88
87
65
51
48
411
404
170
343
458
329
181
212
330
281
383
234
288
267
118
214
486
409
30
429
280
107
92
157               4
114               111
_               _
a               b
---------------------------------
exec rra-------instruction number 28

114
365
168
425
209
139
399
286
314
342
331
346
413
384
488
999
155
202
289
462
196
211
1024
6542
312
424
259
374
387
225
188
207
352
179
495
221
52
393
433
192
282
347
452
127
275
109
396
146
104
108
137
185
271
324
182
491
227
499
147
447
186
285
229
177
469
66
327
240
381
293
370
18
88
87
65
51
48
411
404
170
343
458
329
181
212
330
281
383
234
288
267
118
214
486
409
30
429
280
107
92               4
157               111
_               _
a               b
---------------------------------
exec pb-------instruction number 29

365
168
425
209
139
399
286
314
342
331
346
413
384
488
999
155
202
289
462
196
211
1024
6542
312
424
259
374
387
225
188
207
352
179
495
221
52
393
433
192
282
347
452
127
275
109
396
146
104
108
137
185
271
324
182
491
227
499
147
447
186
285
229
177
469
66
327
240
381
293
370
18
88
87
65
51
48
411
404
170
343
458
329
181
212
330
281
383
234
288
267
118
214
486
409
30
429
280
107               114
92               4
157               111
_               _
a               b
---------------------------------
exec rrb-------instruction number 30

365
168
425
209
139
399
286
314
342
331
346
413
384
488
999
155
202
289
462
196
211
1024
6542
312
424
259
374
387
225
188
207
352
179
495
221
52
393
433
192
282
347
452
127
275
109
396
146
104
108
137
185
271
324
182
491
227
499
147
447
186
285
229
177
469
66
327
240
381
293
370
18
88
87
65
51
48
411
404
170
343
458
329
181
212
330
281
383
234
288
267
118
214
486
409
30
429
280
107               111
92               114
157               4
_               _
a               b
---------------------------------
exec sb-------instruction number 31

365
168
425
209
139
399
286
314
342
331
346
413
384
488
999
155
202
289
462
196
211
1024
6542
312
424
259
374
387
225
188
207
352
179
495
221
52
393
433
192
282
347
452
127
275
109
396
146
104
108
137
185
271
324
182
491
227
499
147
447
186
285
229
177
469
66
327
240
381
293
370
18
88
87
65
51
48
411
404
170
343
458
329
181
212
330
281
383
234
288
267
118
214
486
409
30
429
280
107               114
92               111
157               4
_               _
a               b

location is 19
location is 39
location is 59
location is 79
location is 102
0    | 312  4
1    | 424  18
2    | 259  30
3    | 374  48
4    | 387  51
5    | 225  52
6    | 188  65
7    | 207  66
8    | 352  87
9    | 179  88
10    | 495  92
11    | 221  104
12    | 52  107
13    | 393  108
14    | 433  109
15    | 192  111
16    | 282  114
17    | 347  118
18    | 452  127
19    | 127  137
20    | 275  139
21    | 109  146
22    | 396  147
23    | 146  155
24    | 104  157
25    | 108  168
26    | 137  170
27    | 185  177
28    | 271  179
29    | 324  181
30    | 182  182
31    | 491  185
32    | 227  186
33    | 499  188
34    | 147  192
35    | 447  196
36    | 186  202
37    | 285  207
38    | 229  209
39    | 177  211
40    | 469  212
41    | 66  214
42    | 327  221
43    | 240  225
44    | 381  227
45    | 293  229
46    | 370  234
47    | 18  240
48    | 88  259
49    | 87  267
50    | 65  271
51    | 51  275
52    | 48  280
53    | 411  281
54    | 404  282
55    | 170  285
56    | 343  286
57    | 458  288
58    | 329  289
59    | 181  293
60    | 212  312
61    | 330  314
62    | 281  324
63    | 383  327
64    | 234  329
65    | 288  330
66    | 267  331
67    | 118  342
68    | 214  343
69    | 486  346
70    | 409  347
71    | 30  352
72    | 429  365
73    | 280  370
74    | 107  374
75    | 92  381
76    | 157  383
77    | 114  384
78    | 365  387
79    | 4  393
80    | 168  396
81    | 425  399
82    | 209  404
83    | 139  409
84    | 399  411
85    | 286  413
86    | 314  424
87    | 342  425
88    | 331  429
89    | 346  433
90    | 413  447
91    | 384  452
92    | 488  458
93    | 999  462
94    | 111  469
95    | 155  486
96    | 202  488
97    | 289  491
98    | 462  495
99    | 196  499
100    | 211  999
101    | 1024  1024
102    | 6542  6542
137
211
293
393
6542
chunk size 1 chunk: 20
chunk size 2 chunk: 20
chunk size 3 chunk: 20
chunk size 4 chunk: 20
chunk size 5 chunk: 23
hold one is 52
hold two is 111
the number is 111, and it needs 9 rra
hold one is 52
hold two is 4
the number is 4, and it needs 15 rra
hold one is 52
hold two is 114
the number is 114, and it needs 2 rra
stacka
365
168
425
209
139
399
286
314
342
331
346
413
384
488
999
155
202
289
462
196
211
1024
6542
312
424
259
374
387
225
188
207
352
179
495
221
52
393
433
192
282
347
452
127
275
109
396
146
104
108
137
185
271
324
182
491
227
499
147
447
186
285
229
177
469
66
327
240
381
293
370
18
88
87
65
51
48
411
404
170
343
458
329
181
212
330
281
383
234
288
267
118
214
486
409
30
429
280
107
92
157
stackb
114
111
4
