---------------------------------
Before sorting 
498
383
564
51
570
544
303
77
400
225
157
100
321
593
205
20
109
30
567
127
189
443
331
200
440
87
390
355
95
365
446
330
215
407
92
368
277
342
584
27
119
46
503
452
151
156
483
507
145
558
485
514
6
80
111
270
499
444
22
285
184
220
245
278
542
562
108
62
505
473
519
453
122
88
556
171
32
12
182
136
539
416
359
547
158
522
378
296
166
194
69
333
360
576
121
61
53
535
295
401
363
379
349
304
249
29
468
533
181
404
371
560
179
493
490
115
431
117
176
149
517
350
214
310
430
464
457
459
104
9
131
140
241
586
548
224
3
261
447
580
588
192
391
540
467
569
271
596
38
170
45
19
573
405
302
316
408
356
411
135
28
572
307
484
124
5
259
398
465
496
550
335
240
529
242
354
373
114
306
263
_               _
a               b
---------------------------------
exec ra-------instruction number 1

383
564
51
570
544
303
77
400
225
157
100
321
593
205
20
109
30
567
127
189
443
331
200
440
87
390
355
95
365
446
330
215
407
92
368
277
342
584
27
119
46
503
452
151
156
483
507
145
558
485
514
6
80
111
270
499
444
22
285
184
220
245
278
542
562
108
62
505
473
519
453
122
88
556
171
32
12
182
136
539
416
359
547
158
522
378
296
166
194
69
333
360
576
121
61
53
535
295
401
363
379
349
304
249
29
468
533
181
404
371
560
179
493
490
115
431
117
176
149
517
350
214
310
430
464
457
459
104
9
131
140
241
586
548
224
3
261
447
580
588
192
391
540
467
569
271
596
38
170
45
19
573
405
302
316
408
356
411
135
28
572
307
484
124
5
259
398
465
496
550
335
240
529
242
354
373
114
306
263
498
_               _
a               b
---------------------------------
exec ra-------instruction number 2

564
51
570
544
303
77
400
225
157
100
321
593
205
20
109
30
567
127
189
443
331
200
440
87
390
355
95
365
446
330
215
407
92
368
277
342
584
27
119
46
503
452
151
156
483
507
145
558
485
514
6
80
111
270
499
444
22
285
184
220
245
278
542
562
108
62
505
473
519
453
122
88
556
171
32
12
182
136
539
416
359
547
158
522
378
296
166
194
69
333
360
576
121
61
53
535
295
401
363
379
349
304
249
29
468
533
181
404
371
560
179
493
490
115
431
117
176
149
517
350
214
310
430
464
457
459
104
9
131
140
241
586
548
224
3
261
447
580
588
192
391
540
467
569
271
596
38
170
45
19
573
405
302
316
408
356
411
135
28
572
307
484
124
5
259
398
465
496
550
335
240
529
242
354
373
114
306
263
498
383
_               _
a               b
---------------------------------
exec ra-------instruction number 3

51
570
544
303
77
400
225
157
100
321
593
205
20
109
30
567
127
189
443
331
200
440
87
390
355
95
365
446
330
215
407
92
368
277
342
584
27
119
46
503
452
151
156
483
507
145
558
485
514
6
80
111
270
499
444
22
285
184
220
245
278
542
562
108
62
505
473
519
453
122
88
556
171
32
12
182
136
539
416
359
547
158
522
378
296
166
194
69
333
360
576
121
61
53
535
295
401
363
379
349
304
249
29
468
533
181
404
371
560
179
493
490
115
431
117
176
149
517
350
214
310
430
464
457
459
104
9
131
140
241
586
548
224
3
261
447
580
588
192
391
540
467
569
271
596
38
170
45
19
573
405
302
316
408
356
411
135
28
572
307
484
124
5
259
398
465
496
550
335
240
529
242
354
373
114
306
263
498
383
564
_               _
a               b
---------------------------------
exec pb-------instruction number 4

570
544
303
77
400
225
157
100
321
593
205
20
109
30
567
127
189
443
331
200
440
87
390
355
95
365
446
330
215
407
92
368
277
342
584
27
119
46
503
452
151
156
483
507
145
558
485
514
6
80
111
270
499
444
22
285
184
220
245
278
542
562
108
62
505
473
519
453
122
88
556
171
32
12
182
136
539
416
359
547
158
522
378
296
166
194
69
333
360
576
121
61
53
535
295
401
363
379
349
304
249
29
468
533
181
404
371
560
179
493
490
115
431
117
176
149
517
350
214
310
430
464
457
459
104
9
131
140
241
586
548
224
3
261
447
580
588
192
391
540
467
569
271
596
38
170
45
19
573
405
302
316
408
356
411
135
28
572
307
484
124
5
259
398
465
496
550
335
240
529
242
354
373
114
306
263
498
383
564               51
_               _
a               b
---------------------------------
exec ra-------instruction number 5

544
303
77
400
225
157
100
321
593
205
20
109
30
567
127
189
443
331
200
440
87
390
355
95
365
446
330
215
407
92
368
277
342
584
27
119
46
503
452
151
156
483
507
145
558
485
514
6
80
111
270
499
444
22
285
184
220
245
278
542
562
108
62
505
473
519
453
122
88
556
171
32
12
182
136
539
416
359
547
158
522
378
296
166
194
69
333
360
576
121
61
53
535
295
401
363
379
349
304
249
29
468
533
181
404
371
560
179
493
490
115
431
117
176
149
517
350
214
310
430
464
457
459
104
9
131
140
241
586
548
224
3
261
447
580
588
192
391
540
467
569
271
596
38
170
45
19
573
405
302
316
408
356
411
135
28
572
307
484
124
5
259
398
465
496
550
335
240
529
242
354
373
114
306
263
498
383
564
570               51
_               _
a               b
---------------------------------
exec ra-------instruction number 6

303
77
400
225
157
100
321
593
205
20
109
30
567
127
189
443
331
200
440
87
390
355
95
365
446
330
215
407
92
368
277
342
584
27
119
46
503
452
151
156
483
507
145
558
485
514
6
80
111
270
499
444
22
285
184
220
245
278
542
562
108
62
505
473
519
453
122
88
556
171
32
12
182
136
539
416
359
547
158
522
378
296
166
194
69
333
360
576
121
61
53
535
295
401
363
379
349
304
249
29
468
533
181
404
371
560
179
493
490
115
431
117
176
149
517
350
214
310
430
464
457
459
104
9
131
140
241
586
548
224
3
261
447
580
588
192
391
540
467
569
271
596
38
170
45
19
573
405
302
316
408
356
411
135
28
572
307
484
124
5
259
398
465
496
550
335
240
529
242
354
373
114
306
263
498
383
564
570
544               51
_               _
a               b
---------------------------------
exec ra-------instruction number 7

77
400
225
157
100
321
593
205
20
109
30
567
127
189
443
331
200
440
87
390
355
95
365
446
330
215
407
92
368
277
342
584
27
119
46
503
452
151
156
483
507
145
558
485
514
6
80
111
270
499
444
22
285
184
220
245
278
542
562
108
62
505
473
519
453
122
88
556
171
32
12
182
136
539
416
359
547
158
522
378
296
166
194
69
333
360
576
121
61
53
535
295
401
363
379
349
304
249
29
468
533
181
404
371
560
179
493
490
115
431
117
176
149
517
350
214
310
430
464
457
459
104
9
131
140
241
586
548
224
3
261
447
580
588
192
391
540
467
569
271
596
38
170
45
19
573
405
302
316
408
356
411
135
28
572
307
484
124
5
259
398
465
496
550
335
240
529
242
354
373
114
306
263
498
383
564
570
544
303               51
_               _
a               b
---------------------------------
exec pb-------instruction number 8

400
225
157
100
321
593
205
20
109
30
567
127
189
443
331
200
440
87
390
355
95
365
446
330
215
407
92
368
277
342
584
27
119
46
503
452
151
156
483
507
145
558
485
514
6
80
111
270
499
444
22
285
184
220
245
278
542
562
108
62
505
473
519
453
122
88
556
171
32
12
182
136
539
416
359
547
158
522
378
296
166
194
69
333
360
576
121
61
53
535
295
401
363
379
349
304
249
29
468
533
181
404
371
560
179
493
490
115
431
117
176
149
517
350
214
310
430
464
457
459
104
9
131
140
241
586
548
224
3
261
447
580
588
192
391
540
467
569
271
596
38
170
45
19
573
405
302
316
408
356
411
135
28
572
307
484
124
5
259
398
465
496
550
335
240
529
242
354
373
114
306
263
498
383
564
570
544               77
303               51
_               _
a               b
---------------------------------
exec ra-------instruction number 9

225
157
100
321
593
205
20
109
30
567
127
189
443
331
200
440
87
390
355
95
365
446
330
215
407
92
368
277
342
584
27
119
46
503
452
151
156
483
507
145
558
485
514
6
80
111
270
499
444
22
285
184
220
245
278
542
562
108
62
505
473
519
453
122
88
556
171
32
12
182
136
539
416
359
547
158
522
378
296
166
194
69
333
360
576
121
61
53
535
295
401
363
379
349
304
249
29
468
533
181
404
371
560
179
493
490
115
431
117
176
149
517
350
214
310
430
464
457
459
104
9
131
140
241
586
548
224
3
261
447
580
588
192
391
540
467
569
271
596
38
170
45
19
573
405
302
316
408
356
411
135
28
572
307
484
124
5
259
398
465
496
550
335
240
529
242
354
373
114
306
263
498
383
564
570
544
303               77
400               51
_               _
a               b
---------------------------------
exec ra-------instruction number 10

157
100
321
593
205
20
109
30
567
127
189
443
331
200
440
87
390
355
95
365
446
330
215
407
92
368
277
342
584
27
119
46
503
452
151
156
483
507
145
558
485
514
6
80
111
270
499
444
22
285
184
220
245
278
542
562
108
62
505
473
519
453
122
88
556
171
32
12
182
136
539
416
359
547
158
522
378
296
166
194
69
333
360
576
121
61
53
535
295
401
363
379
349
304
249
29
468
533
181
404
371
560
179
493
490
115
431
117
176
149
517
350
214
310
430
464
457
459
104
9
131
140
241
586
548
224
3
261
447
580
588
192
391
540
467
569
271
596
38
170
45
19
573
405
302
316
408
356
411
135
28
572
307
484
124
5
259
398
465
496
550
335
240
529
242
354
373
114
306
263
498
383
564
570
544
303
400               77
225               51
_               _
a               b
---------------------------------
exec ra-------instruction number 11

100
321
593
205
20
109
30
567
127
189
443
331
200
440
87
390
355
95
365
446
330
215
407
92
368
277
342
584
27
119
46
503
452
151
156
483
507
145
558
485
514
6
80
111
270
499
444
22
285
184
220
245
278
542
562
108
62
505
473
519
453
122
88
556
171
32
12
182
136
539
416
359
547
158
522
378
296
166
194
69
333
360
576
121
61
53
535
295
401
363
379
349
304
249
29
468
533
181
404
371
560
179
493
490
115
431
117
176
149
517
350
214
310
430
464
457
459
104
9
131
140
241
586
548
224
3
261
447
580
588
192
391
540
467
569
271
596
38
170
45
19
573
405
302
316
408
356
411
135
28
572
307
484
124
5
259
398
465
496
550
335
240
529
242
354
373
114
306
263
498
383
564
570
544
303
400
225               77
157               51
_               _
a               b
---------------------------------
exec pb-------instruction number 12

321
593
205
20
109
30
567
127
189
443
331
200
440
87
390
355
95
365
446
330
215
407
92
368
277
342
584
27
119
46
503
452
151
156
483
507
145
558
485
514
6
80
111
270
499
444
22
285
184
220
245
278
542
562
108
62
505
473
519
453
122
88
556
171
32
12
182
136
539
416
359
547
158
522
378
296
166
194
69
333
360
576
121
61
53
535
295
401
363
379
349
304
249
29
468
533
181
404
371
560
179
493
490
115
431
117
176
149
517
350
214
310
430
464
457
459
104
9
131
140
241
586
548
224
3
261
447
580
588
192
391
540
467
569
271
596
38
170
45
19
573
405
302
316
408
356
411
135
28
572
307
484
124
5
259
398
465
496
550
335
240
529
242
354
373
114
306
263
498
383
564
570
544
303
400               100
225               77
157               51
_               _
a               b

location is 35
location is 71
location is 107
location is 143
location is 179
0    | 498  3
1    | 383  5
2    | 564  6
3    | 51  9
4    | 570  12
5    | 544  19
6    | 303  20
7    | 77  22
8    | 400  27
9    | 225  28
10    | 157  29
11    | 100  30
12    | 321  32
13    | 593  38
14    | 205  45
15    | 20  46
16    | 109  51
17    | 30  53
18    | 567  61
19    | 127  62
20    | 189  69
21    | 443  77
22    | 331  80
23    | 200  87
24    | 440  88
25    | 87  92
26    | 390  95
27    | 355  100
28    | 95  104
29    | 365  108
30    | 446  109
31    | 330  111
32    | 215  114
33    | 407  115
34    | 92  117
35    | 368  119
36    | 277  121
37    | 342  122
38    | 584  124
39    | 27  127
40    | 119  131
41    | 46  135
42    | 503  136
43    | 452  140
44    | 151  145
45    | 156  149
46    | 483  151
47    | 507  156
48    | 145  157
49    | 558  158
50    | 485  166
51    | 514  170
52    | 6  171
53    | 80  176
54    | 111  179
55    | 270  181
56    | 499  182
57    | 444  184
58    | 22  189
59    | 285  192
60    | 184  194
61    | 220  200
62    | 245  205
63    | 278  214
64    | 542  215
65    | 562  220
66    | 108  224
67    | 62  225
68    | 505  240
69    | 473  241
70    | 519  242
71    | 453  245
72    | 122  249
73    | 88  259
74    | 556  261
75    | 171  263
76    | 32  270
77    | 12  271
78    | 182  277
79    | 136  278
80    | 539  285
81    | 416  295
82    | 359  296
83    | 547  302
84    | 158  303
85    | 522  304
86    | 378  306
87    | 296  307
88    | 166  310
89    | 194  316
90    | 69  321
91    | 333  330
92    | 360  331
93    | 576  333
94    | 121  335
95    | 61  342
96    | 53  349
97    | 535  350
98    | 295  354
99    | 401  355
100    | 363  356
101    | 379  359
102    | 349  360
103    | 304  363
104    | 249  365
105    | 29  368
106    | 468  371
107    | 533  373
108    | 181  378
109    | 404  379
110    | 371  383
111    | 560  390
112    | 179  391
113    | 493  398
114    | 490  400
115    | 115  401
116    | 431  404
117    | 117  405
118    | 176  407
119    | 149  408
120    | 517  411
121    | 350  416
122    | 214  430
123    | 310  431
124    | 430  440
125    | 464  443
126    | 457  444
127    | 459  446
128    | 104  447
129    | 9  452
130    | 131  453
131    | 140  457
132    | 241  459
133    | 586  464
134    | 548  465
135    | 224  467
136    | 3  468
137    | 261  473
138    | 447  483
139    | 580  484
140    | 588  485
141    | 192  490
142    | 391  493
143    | 540  496
144    | 467  498
145    | 569  499
146    | 271  503
147    | 596  505
148    | 38  507
149    | 170  514
150    | 45  517
151    | 19  519
152    | 573  522
153    | 405  529
154    | 302  533
155    | 316  535
156    | 408  539
157    | 356  540
158    | 411  542
159    | 135  544
160    | 28  547
161    | 572  548
162    | 307  550
163    | 484  556
164    | 124  558
165    | 5  560
166    | 259  562
167    | 398  564
168    | 465  567
169    | 496  569
170    | 550  570
171    | 335  572
172    | 240  573
173    | 529  576
174    | 242  580
175    | 354  584
176    | 373  586
177    | 114  588
178    | 306  593
179    | 263  596
119
245
373
496
596
chunk size 1 chunk: 36
chunk size 2 chunk: 36
chunk size 3 chunk: 36
chunk size 4 chunk: 36
chunk size 5 chunk: 36
hold one is 51
hold two is 114
the number is 51, and it needs 3 ra
hold one is 77
hold two is 114
the number is 77, and it needs 3 ra
hold one is 100
hold two is 114
the number is 100, and it needs 3 ra
stacka
321
593
205
20
109
30
567
127
189
443
331
200
440
87
390
355
95
365
446
330
215
407
92
368
277
342
584
27
119
46
503
452
151
156
483
507
145
558
485
514
6
80
111
270
499
444
22
285
184
220
245
278
542
562
108
62
505
473
519
453
122
88
556
171
32
12
182
136
539
416
359
547
158
522
378
296
166
194
69
333
360
576
121
61
53
535
295
401
363
379
349
304
249
29
468
533
181
404
371
560
179
493
490
115
431
117
176
149
517
350
214
310
430
464
457
459
104
9
131
140
241
586
548
224
3
261
447
580
588
192
391
540
467
569
271
596
38
170
45
19
573
405
302
316
408
356
411
135
28
572
307
484
124
5
259
398
465
496
550
335
240
529
242
354
373
114
306
263
498
383
564
570
544
303
400
225
157
stackb
100
77
51
