---------------------------------
Before sorting 
32
903
363
608
441
741
414
786
596
53
604
620
71
188
925
448
639
857
530
88
384
18
868
373
985
661
651
880
57
275
207
865
358
631
136
507
192
413
935
757
247
389
99
514
504
303
100
611
849
794
898
12
995
708
109
691
26
87
77
466
110
134
92
432
551
36
376
317
464
51
405
156
649
979
607
425
224
497
929
499
518
930
14
481
766
40
157
735
893
783
54
284
166
734
496
852
972
815
894
613
_               _
a               b

0       32     4
1       903     91
2       363     35
3       608     62
4       441     45
5       741     75
6       414     42
7       786     79
8       596     59
9       53     8
10       604     60
11       620     65
12       71     11
13       188     25
14       925     92
15       448     46
16       639     67
17       857     84
18       530     57
19       88     14
20       384     38
21       18     2
22       868     86
23       373     36
24       985     98
25       661     70
26       651     69
27       880     87
28       57     10
29       275     30
30       207     27
31       865     85
32       358     34
33       631     66
34       136     21
35       507     54
36       192     26
37       413     41
38       935     95
39       757     76
40       247     29
41       389     39
42       99     16
43       514     55
44       504     53
45       303     32
46       100     17
47       611     63
48       849     82
49       794     80
50       898     90
51       12     0
52       995     99
53       708     72
54       109     18
55       691     71
56       26     3
57       87     13
58       77     12
59       466     48
60       110     19
61       134     20
62       92     15
63       432     44
64       551     58
65       36     5
66       376     37
67       317     33
68       464     47
69       51     7
70       405     40
71       156     22
72       649     68
73       979     97
74       607     61
75       425     43
76       224     28
77       497     51
78       929     93
79       499     52
80       518     56
81       930     94
82       14     1
83       481     49
84       766     77
85       40     6
86       157     23
87       735     74
88       893     88
89       783     78
90       54     9
91       284     31
92       166     24
93       734     73
94       496     50
95       852     83
96       972     96
97       815     81
98       894     89
99       613     64
count per index, incresing order
[index : count]
[0 : 2]
[1 : 5]
[2 : 4]
[3 : 6]
[4 : 5]
[5 : 5]
[6 : 5]
[7 : 4]
[8 : 6]
[9 : 5]
[10 : 5]
[11 : 5]
[12 : 5]
[13 : 5]
[14 : 5]
[15 : 5]
[16 : 6]
[17 : 5]
[18 : 3]
[19 : 6]
[20 : 5]
[21 : 4]
[22 : 3]
[23 : 4]
[24 : 4]
[25 : 4]
[26 : 4]
[27 : 4]
[28 : 5]
[29 : 7]
[30 : 4]
[31 : 4]
[32 : 5]
[33 : 4]
[34 : 4]
[35 : 7]
[36 : 3]
[37 : 4]
[38 : 4]
[39 : 6]
[40 : 3]
[41 : 3]
[42 : 5]
[43 : 5]
[44 : 4]
[45 : 6]
[46 : 6]
[47 : 3]
[48 : 4]
[49 : 4]
[50 : 3]
[51 : 4]
[52 : 4]
[53 : 5]
[54 : 3]
[55 : 5]
[56 : 3]
[57 : 4]
[58 : 3]
[59 : 6]
[60 : 5]
[61 : 4]
[62 : 6]
[63 : 4]
[64 : 1]
[65 : 4]
[66 : 3]
[67 : 5]
[68 : 2]
[69 : 4]
[70 : 4]
[71 : 2]
[72 : 2]
[73 : 3]
[74 : 3]
[75 : 5]
[76 : 4]
[77 : 3]
[78 : 3]
[79 : 4]
[80 : 3]
[81 : 2]
[82 : 3]
[83 : 2]
[84 : 4]
[85 : 3]
[86 : 3]
[87 : 3]
[88 : 2]
[89 : 1]
[90 : 2]
[91 : 4]
[92 : 3]
[93 : 3]
[94 : 2]
[95 : 2]
[96 : 1]
[97 : 1]
[98 : 2]
[99 : 1]
head is 7