---------------------------------
Before sorting 
24
19
5
30
21
12
9
20
18
2
10
6
1
25
8
14
3
28
11
4
_               _
a               b

0       24     16
1       19     13
2       5     4
3       30     19
4       21     15
5       12     10
6       9     7
7       20     14
8       18     12
9       2     1
10       10     8
11       6     5
12       1     0
13       25     17
14       8     6
15       14     11
16       3     2
17       28     18
18       11     9
19       4     3
count per index, incresing order
[index : count]
[0 : 3]
[1 : 4]
[2 : 2]
[3 : 1]
[4 : 2]
[5 : 3]
[6 : 3]
[7 : 4]
[8 : 3]
[9 : 1]
[10 : 4]
[11 : 2]
[12 : 3]
[13 : 2]
[14 : 3]
[15 : 3]
[16 : 2]
[17 : 2]
[18 : 1]
[19 : 1]
head is 4