---------------------------------
Before sorting 
11
6
28
1
26
30
10
12
27
17
7
15
23
22
18
4
2
29
13
5
3
25
14
19
21
_               _
a               b

0       11     8
1       6     5
2       28     22
3       1     0
4       26     20
5       30     24
6       10     7
7       12     9
8       27     21
9       17     13
10       7     6
11       15     12
12       23     18
13       22     17
14       18     14
15       4     3
16       2     1
17       29     23
18       13     10
19       5     4
20       3     2
21       25     19
22       14     11
23       19     15
24       21     16
count per index, incresing order
[index : count]
[0 : 3]
[1 : 2]
[2 : 1]
[3 : 2]
[4 : 1]
[5 : 2]
[6 : 1]
[7 : 1]
[8 : 4]
[9 : 3]
[10 : 2]
[11 : 1]
[12 : 1]
[13 : 4]
[14 : 3]
[15 : 2]
[16 : 1]
[17 : 1]
[18 : 2]
[19 : 1]
[20 : 2]
[21 : 1]
[22 : 2]
[23 : 1]
[24 : 1]
head is 4