---------------------------------
Before sorting 
22
403
48
182
176
165
224
12
351
441
71
46
69
122
481
388
405
27
47
354
136
263
376
54
472
458
10
282
253
254
74
466
311
85
116
428
286
57
9
180
32
416
211
203
490
249
385
212
499
342
37
15
445
104
402
438
392
338
270
119
50
125
234
413
273
453
463
62
372
425
255
321
80
325
285
394
220
288
105
341
53
417
384
171
138
266
348
185
30
487
103
305
396
289
145
140
411
462
313
31
_               _
a               b

counter_i is
here are the following arrays
First two are: stacka, indices
22  4
403  79
48  12
182  38
176  36
165  34
224  44
12  2
351  68
441  88
71  19
46  10
69  18
122  28
481  96
388  74
405  80
27  5
47  11
354  69
136  30
263  50
376  71
54  15
472  95
458  91
10  1
282  54
253  47
254  48
74  20
466  94
311  60
85  22
116  26
428  86
286  56
57  16
9  0
180  37
32  8
416  83
211  41
203  40
490  98
249  46
385  73
212  42
499  99
342  66
37  9
15  3
445  89
104  24
402  78
438  87
392  75
338  64
270  52
119  27
50  13
125  29
234  45
413  82
273  53
453  90
463  93
62  17
372  70
425  85
255  49
321  62
80  21
325  63
285  55
394  76
220  43
288  57
105  25
341  65
53  14
417  84
384  72
171  35
138  31
266  51
348  67
185  39
30  6
487  97
103  23
305  59
396  77
289  58
145  33
140  32
411  81
462  92
313  61
31  7
Second three are: index0-n, counter_i, counterg
0  1  5
1  1  5
2  2  6
3  1  5
4  4  6
5  3  7
6  2  2
7  1  1
8  2  4
9  1  5
10  2  6
11  1  6
12  3  8
13  2  7
14  1  3
15  3  4
16  2  5
17  1  4
18  1  5
19  3  5
20  2  4
21  1  5
22  2  5
23  1  5
24  2  6
25  1  4
26  2  4
27  1  7
28  2  4
29  1  6
30  3  6
31  2  4
32  1  3
33  1  3
34  2  7
35  1  4
36  2  7
37  1  4
38  2  7
39  1  2
40  1  3
41  3  3
42  2  2
43  1  5
44  2  6
45  1  5
46  1  3
47  3  5
48  2  4
49  1  6
50  2  5
51  1  3
52  2  5
53  1  4
54  2  4
55  1  4
56  3  4
57  2  4
58  1  3
59  1  4
60  2  4
61  1  1
62  2  5
63  1  4
64  2  5
65  1  3
66  2  5
67  1  2
68  3  5
69  2  5
70  1  3
71  2  4
72  1  2
73  1  2
74  4  5
75  3  5
76  2  3
77  1  3
78  1  5
79  3  5
80  2  4
81  1  2
82  1  4
83  2  3
84  1  2
85  1  2
86  2  3
87  1  4
88  3  4
89  2  4
90  1  3
91  2  4
92  1  1
93  1  2
94  1  3
95  1  3
96  2  3
97  1  1
98  2  2
99  1  1
c is g
total is 1
head is 12
22 | 4 | 0
403 | 79 | 0
48 | 12 | 1
182 | 38 | 1
176 | 36 | 0
165 | 34 | 0
224 | 44 | 1
12 | 2 | 0
351 | 68 | 1
441 | 88 | 1
71 | 19 | 0
46 | 10 | 0
69 | 18 | 0
122 | 28 | 0
481 | 96 | 1
388 | 74 | 0
405 | 80 | 0
27 | 5 | 0
47 | 11 | 0
354 | 69 | 0
136 | 30 | 0
263 | 50 | 0
376 | 71 | 0
54 | 15 | 0
472 | 95 | 0
458 | 91 | 0
10 | 1 | 0
282 | 54 | 0
253 | 47 | 0
254 | 48 | 0
74 | 20 | 0
466 | 94 | 0
311 | 60 | 0
85 | 22 | 0
116 | 26 | 0
428 | 86 | 0
286 | 56 | 0
57 | 16 | 0
9 | 0 | 0
180 | 37 | 0
32 | 8 | 0
416 | 83 | 0
211 | 41 | 0
203 | 40 | 0
490 | 98 | 1
249 | 46 | 0
385 | 73 | 0
212 | 42 | 0
499 | 99 | 1
342 | 66 | 0
37 | 9 | 0
15 | 3 | 0
445 | 89 | 0
104 | 24 | 0
402 | 78 | 0
438 | 87 | 0
392 | 75 | 0
338 | 64 | 0
270 | 52 | 0
119 | 27 | 0
50 | 13 | 0
125 | 29 | 0
234 | 45 | 0
413 | 82 | 0
273 | 53 | 0
453 | 90 | 0
463 | 93 | 0
62 | 17 | 0
372 | 70 | 0
425 | 85 | 0
255 | 49 | 0
321 | 62 | 0
80 | 21 | 0
325 | 63 | 0
285 | 55 | 0
394 | 76 | 0
220 | 43 | 0
288 | 57 | 0
105 | 25 | 0
341 | 65 | 0
53 | 14 | 0
417 | 84 | 0
384 | 72 | 0
171 | 35 | 0
138 | 31 | 0
266 | 51 | 0
348 | 67 | 0
185 | 39 | 0
30 | 6 | 0
487 | 97 | 0
103 | 23 | 0
305 | 59 | 0
396 | 77 | 0
289 | 58 | 0
145 | 33 | 0
140 | 32 | 0
411 | 81 | 0
462 | 92 | 0
313 | 61 | 0
31 | 7 | 0
