---------------------------------
Before sorting 
4252
2595
529
3465
4951
4339
4792
4191
4058
3759
4198
562
1408
1920
1341
3716
2953
142
4690
2297
2729
1745
1062
281
2184
2211
3683
4158
2231
3859
3720
1819
798
4193
3687
4726
3804
3626
3396
4384
3903
869
3820
375
1128
1103
3922
4231
4860
498
4097
3616
16
4845
119
1430
2689
192
2592
4005
2269
3440
194
3678
3468
3710
880
2385
333
3526
392
1594
4961
4451
4368
4027
3904
296
3411
1192
1703
1073
1465
825
2612
1573
2819
2956
2719
3673
788
2838
2990
1050
3534
130
4536
650
3009
121
2945
642
1417
4053
2741
3446
1769
1198
2108
3399
1899
2126
2986
2591
3944
4702
4081
2920
1959
3107
614
4155
3578
2118
543
2345
2748
2661
1652
3825
3585
2451
208
282
94
3985
3374
3741
4772
1481
823
556
3385
1083
234
3149
2555
360
4867
888
1027
4314
3892
2888
3850
1614
148
2295
1058
4004
3581
1646
3767
4841
2088
443
669
289
3856
2658
2434
2188
4149
4651
3535
4032
1860
1170
4530
674
3649
3936
448
3619
3101
1043
2716
1689
1063
4366
4852
4558
2796
1723
1327
1255
604
1699
4486
2649
1537
3848
2989
2216
2461
4847
1986
3089
1981
2246
4949
34
2580
929
4612
2803
4176
3092
937
3276
1876
3206
860
2869
3528
2837
4756
2703
1762
3419
4428
212
3865
4024
2158
4717
857
542
1951
2031
1719
767
573
3835
325
3940
3880
301
322
2688
1443
797
611
1230
2727
4238
4770
2148
553
3613
449
1693
1713
2429
84
4490
963
3996
2560
3109
68
1045
2273
374
3870
3147
2755
655
1018
4799
3483
494
1846
3334
3826
4446
3238
363
2823
4359
1553
3802
2256
4644
4364
4313
845
2732
705
1952
2099
3112
354
4618
380
694
3701
1036
408
2667
4415
4219
2472
1031
2865
4352
2270
1257
3853
1938
1429
2620
4419
21
704
1930
3028
4118
1361
518
3772
4658
1818
4962
2893
3172
4898
3622
2390
455
2855
2341
3190
4350
3982
2258
1008
708
58
2141
1268
3923
1194
1971
4777
4096
693
1913
990
523
1916
1556
3752
2757
4151
2851
4452
1588
2915
3938
4697
4918
3783
2428
387
1381
4175
23
4900
968
4145
1709
920
3786
3344
1778
1644
3323
4079
2504
2073
4878
3043
3956
3093
2641
207
1565
3251
894
4147
3390
1889
1135
4826
1569
242
827
3492
3896
1102
1910
454
1025
2846
3220
3287
64
2590
125
4294
547
439
815
3458
2263
1844
2318
4261
4136
4978
1914
2663
1331
1356
2412
1163
1259
2880
2024
777
3961
4985
295
1946
1949
2992
2375
2144
3887
4703
4200
232
251
1907
1707
1698
4114
3261
2628
886
933
1217
3148
4303
944
1236
1368
1815
2109
1890
3301
2287
3080
548
568
2711
2914
1748
1650
2361
2536
4706
478
2414
3452
4986
2675
1467
4628
4944
2913
4406
4201
865
1580
1238
1352
883
38
_               _
a               b

counter_i is
here are the following arrays
First two are: stacka, indices
4252  436
2595  257
529  54
3465  344
4951  494
4339  442
4792  479
4191  428
4058  412
3759  371
4198  430
562  61
1408  143
1920  195
1341  137
3716  367
2953  300
142  14
4690  468
2297  233
2729  275
1745  175
1062  114
281  25
2184  219
2211  221
3683  363
4158  425
2231  223
3859  386
3720  368
1819  182
798  81
4193  429
3687  364
4726  474
3804  377
3626  359
3396  336
4384  449
3903  393
869  90
3820  378
375  38
1128  120
1103  119
3922  395
4231  434
4860  486
498  51
4097  416
3616  356
16  0
4845  483
119  10
1430  146
2689  269
192  16
2592  256
4005  407
2269  228
3440  340
194  17
3678  362
3468  345
3710  366
880  91
2385  239
333  33
3526  348
392  41
1594  159
4961  495
4451  455
4368  448
4027  409
3904  394
296  29
3411  338
1192  124
1703  169
1073  116
1465  148
825  84
2612  258
1573  156
2819  283
2956  301
2719  273
3673  361
788  79
2838  286
2990  304
1050  112
3534  350
130  13
4536  460
650  68
3009  306
121  11
2945  299
642  67
1417  144
4053  411
2741  277
3446  341
1769  178
1198  126
2108  211
3399  337
1899  189
2126  214
2986  302
2591  255
3944  400
4702  470
4081  414
2920  298
1959  202
3107  314
614  66
4155  424
3578  352
2118  213
543  56
2345  236
2748  278
2661  264
1652  164
3825  379
3585  354
2451  246
208  19
282  26
94  9
3985  404
3374  333
3741  369
4772  477
1481  150
823  83
556  60
3385  334
1083  117
234  22
3149  319
2555  251
360  35
4867  487
888  94
1027  107
4314  441
3892  391
2888  293
3850  383
1614  160
148  15
2295  232
1058  113
4004  406
3581  353
1646  162
3767  372
4841  482
2088  209
443  44
669  70
289  27
3856  385
2658  263
2434  245
2188  220
4149  422
4651  466
3535  351
4032  410
1860  185
1170  123
4530  459
674  71
3649  360
3936  397
448  45
3619  357
3101  313
1043  110
2716  272
1689  165
1063  115
4366  447
4852  485
4558  461
2796  281
1723  174
1327  135
1255  131
604  64
1699  168
4486  457
2649  262
1537  151
3848  382
2989  303
2216  222
2461  247
4847  484
1986  205
3089  310
1981  204
2246  224
4949  493
34  3
2580  253
929  97
4612  462
2803  282
4176  427
3092  311
937  99
3276  327
1876  186
3206  322
860  88
2869  291
3528  349
2837  285
4756  475
2703  270
1762  177
3419  339
4428  453
212  20
3865  387
4024  408
2158  218
4717  473
857  87
542  55
1951  200
2031  207
1719  173
767  77
573  63
3835  381
325  32
3940  399
3880  389
301  30
322  31
2688  268
1443  147
797  80
611  65
1230  128
2727  274
4238  435
4770  476
2148  217
553  59
3613  355
449  46
1693  166
1713  172
2429  244
84  8
4490  458
963  101
3996  405
2560  252
3109  315
68  7
1045  111
2273  230
374  37
3870  388
3147  317
2755  279
655  69
1018  105
4799  480
3483  346
494  50
1846  184
3334  331
3826  380
4446  454
3238  324
363  36
2823  284
4359  445
1553  152
3802  376
2256  225
4644  465
4364  446
4313  440
845  86
2732  276
705  75
1952  201
2099  210
3112  316
354  34
4618  463
380  39
694  73
3701  365
1036  109
408  42
2667  266
4415  451
4219  433
2472  248
1031  108
2865  290
4352  444
2270  229
1257  132
3853  384
1938  197
1429  145
2620  259
4419  452
21  1
704  74
1930  196
3028  307
4118  418
1361  140
518  52
3772  373
4658  467
1818  181
4962  496
2893  294
3172  320
4898  489
3622  358
2390  240
455  48
2855  289
2341  235
3190  321
4350  443
3982  403
2258  226
1008  104
708  76
58  5
2141  215
1268  134
3923  396
1194  125
1971  203
4777  478
4096  415
693  72
1913  192
990  103
523  53
1916  194
1556  153
3752  370
2757  280
4151  423
2851  288
4452  456
1588  158
2915  297
3938  398
4697  469
4918  491
3783  374
2428  243
387  40
1381  142
4175  426
23  2
4900  490
968  102
4145  420
1709  171
920  96
3786  375
3344  332
1778  179
1644  161
3323  330
4079  413
2504  249
2073  208
4878  488
3043  308
3956  401
3093  312
2641  261
207  18
1565  154
3251  325
894  95
4147  421
3390  335
1889  187
1135  121
4826  481
1569  155
242  23
827  85
3492  347
3896  392
1102  118
1910  191
454  47
1025  106
2846  287
3220  323
3287  328
64  6
2590  254
125  12
4294  438
547  57
439  43
815  82
3458  343
2263  227
1844  183
2318  234
4261  437
4136  419
4978  497
1914  193
2663  265
1331  136
1356  139
2412  241
1163  122
1259  133
2880  292
2024  206
777  78
3961  402
4985  498
295  28
1946  198
1949  199
2992  305
2375  238
2144  216
3887  390
4703  471
4200  431
232  21
251  24
1907  190
1707  170
1698  167
4114  417
3261  326
2628  260
886  93
933  98
1217  127
3148  318
4303  439
944  100
1236  129
1368  141
1815  180
2109  212
1890  188
3301  329
2287  231
3080  309
548  58
568  62
2711  271
2914  296
1748  176
1650  163
2361  237
2536  250
4706  472
478  49
2414  242
3452  342
4986  499
2675  267
1467  149
4628  464
4944  492
2913  295
4406  450
4201  432
865  89
1580  157
1238  130
1352  138
883  92
38  4
Second three are: index0-n, counter_i, counterg
0  3  7
1  2  10
2  1  5
3  2  10
4  1  1
5  2  8
6  1  6
7  1  9
8  1  7
9  1  9
10  3  9
11  2  11
12  1  5
13  1  10
14  2  9
15  1  10
16  3  8
17  2  8
18  1  8
19  3  10
20  2  10
21  1  7
22  3  8
23  2  8
24  1  6
25  4  13
26  3  9
27  2  10
28  1  8
29  3  12
30  2  11
31  1  10
32  1  9
33  2  7
34  1  7
35  2  7
36  1  9
37  1  7
38  3  10
39  2  10
40  1  7
41  3  7
42  2  9
43  1  7
44  4  11
45  3  9
46  2  10
47  1  9
48  2  9
49  1  4
50  1  11
51  3  8
52  2  7
53  1  10
54  2  8
55  1  12
56  3  12
57  2  7
58  1  6
59  1  8
60  1  8
61  2  12
62  1  5
63  1  10
64  2  9
65  1  10
66  1  9
67  1  11
68  2  11
69  1  7
70  3  10
71  2  10
72  1  11
73  2  9
74  1  9
75  2  10
76  1  8
77  2  10
78  1  4
79  2  13
80  1  10
81  2  9
82  1  6
83  1  8
84  2  14
85  1  7
86  1  9
87  1  12
88  2  10
89  1  2
90  3  10
91  2  8
92  1  1
93  1  7
94  2  10
95  1  6
96  1  7
97  2  9
98  1  6
99  2  10
100  1  8
101  2  7
102  1  6
103  1  10
104  1  8
105  2  6
106  1  8
107  2  9
108  1  9
109  1  9
110  2  9
111  1  8
112  2  11
113  1  9
114  2  13
115  1  8
116  3  15
117  2  8
118  1  9
119  1  9
120  3  9
121  2  5
122  1  6
123  1  8
124  2  15
125  1  7
126  2  12
127  1  5
128  3  9
129  2  7
130  1  2
131  3  9
132  2  8
133  1  5
134  1  7
135  2  9
136  1  7
137  2  10
138  1  1
139  1  6
140  2  7
141  1  6
142  1  6
143  3  11
144  2  10
145  1  8
146  2  8
147  1  9
148  2  14
149  1  3
150  6  8
151  5  8
152  4  8
153  3  9
154  2  7
155  1  7
156  2  13
157  1  1
158  1  8
159  3  6
160  2  10
161  1  7
162  2  9
163  1  5
164  4  10
165  3  8
166  2  9
167  1  5
168  1  8
169  2  14
170  1  5
171  1  7
172  1  8
173  1  10
174  1  8
175  2  13
176  1  5
177  1  10
178  3  12
179  2  7
180  1  5
181  1  5
182  2  9
183  1  6
184  1  10
185  4  8
186  3  10
187  2  5
188  1  4
189  2  12
190  1  5
191  1  8
192  2  10
193  1  6
194  1  9
195  2  10
196  1  8
197  3  8
198  2  7
199  1  6
200  2  11
201  1  9
202  2  10
203  1  6
204  1  7
205  2  7
206  1  4
207  2  10
208  1  5
209  2  10
210  1  8
211  2  11
212  1  4
213  1  12
214  3  11
215  2  7
216  1  5
217  1  8
218  1  8
219  2  12
220  1  9
221  2  11
222  1  8
223  5  10
224  4  6
225  3  7
226  2  7
227  1  6
228  2  9
229  1  8
230  2  7
231  1  4
232  1  9
233  2  12
234  1  5
235  1  8
236  2  11
237  1  4
238  1  5
239  4  7
240  3  9
241  2  5
242  1  3
243  1  6
244  1  7
245  1  9
246  5  9
247  4  7
248  3  9
249  2  5
250  1  3
251  2  7
252  1  8
253  2  9
254  1  5
255  1  10
256  1  7
257  4  8
258  3  13
259  2  7
260  1  5
261  1  7
262  1  8
263  1  9
264  2  10
265  1  5
266  2  8
267  1  3
268  1  9
269  3  7
270  2  10
271  1  4
272  1  8
273  2  11
274  1  8
275  2  11
276  1  8
277  4  11
278  3  10
279  2  6
280  1  8
281  2  8
282  1  9
283  2  12
284  1  8
285  1  8
286  2  12
287  1  7
288  1  7
289  1  8
290  1  8
291  2  9
292  1  4
293  3  10
294  2  7
295  1  2
296  1  3
297  1  7
298  1  10
299  1  10
300  4  9
301  3  11
302  2  10
303  1  7
304  2  11
305  1  5
306  4  10
307  3  7
308  2  7
309  1  3
310  3  6
311  2  10
312  1  7
313  1  8
314  3  9
315  2  7
316  1  7
317  2  6
318  1  4
319  3  7
320  2  6
321  1  7
322  2  9
323  1  6
324  3  8
325  2  6
326  1  4
327  3  9
328  2  5
329  1  3
330  1  6
331  2  9
332  1  6
333  3  9
334  2  7
335  1  5
336  2  8
337  1  10
338  2  11
339  1  9
340  3  8
341  2  10
342  1  2
343  1  5
344  4  7
345  3  7
346  2  9
347  1  6
348  2  6
349  1  8
350  2  10
351  1  9
352  2  10
353  1  9
354  2  9
355  1  7
356  3  7
357  2  8
358  1  7
359  2  8
360  1  9
361  1  10
362  1  7
363  3  10
364  2  8
365  1  8
366  1  6
367  4  9
368  3  9
369  2  8
370  1  8
371  5  10
372  4  8
373  3  6
374  2  6
375  1  6
376  1  7
377  4  8
378  3  9
379  2  9
380  1  8
381  1  9
382  1  7
383  2  9
384  1  7
385  1  9
386  3  9
387  2  9
388  1  6
389  2  8
390  1  4
391  2  9
392  1  5
393  2  9
394  1  10
395  2  8
396  1  6
397  2  8
398  1  6
399  1  8
400  3  9
401  2  6
402  1  3
403  1  6
404  2  8
405  1  6
406  1  8
407  2  6
408  1  8
409  2  10
410  1  8
411  1  9
412  2  10
413  1  5
414  2  9
415  1  8
416  2  7
417  1  4
418  2  6
419  1  4
420  2  5
421  1  5
422  2  8
423  1  7
424  1  8
425  2  9
426  1  5
427  1  8
428  2  10
429  1  8
430  3  9
431  2  4
432  1  1
433  1  8
434  2  7
435  1  7
436  2  7
437  1  4
438  2  4
439  1  3
440  1  7
441  1  8
442  2  8
443  1  6
444  1  7
445  2  7
446  1  7
447  1  7
448  1  10
449  2  7
450  1  1
451  2  7
452  1  6
453  2  8
454  1  7
455  2  10
456  1  6
457  2  7
458  1  6
459  1  7
460  5  9
461  4  7
462  3  8
463  2  6
464  1  2
465  1  6
466  2  7
467  1  5
468  2  8
469  1  5
470  3  8
471  2  3
472  1  2
473  1  7
474  3  7
475  2  7
476  1  6
477  2  7
478  1  5
479  3  7
480  2  5
481  1  4
482  1  7
483  2  6
484  1  6
485  1  6
486  3  6
487  2  6
488  1  4
489  2  5
490  1  4
491  2  4
492  1  1
493  1  5
494  6  6
495  5  5
496  4  4
497  3  3
498  2  2
499  1  1
c is g
total is 2
head is 116
4252 | 436 | 0
2595 | 257 | 0
529 | 54 | 0
3465 | 344 | 0
4951 | 494 | 0
4339 | 442 | 0
4792 | 479 | 0
4191 | 428 | 0
4058 | 412 | 0
3759 | 371 | 0
4198 | 430 | 0
562 | 61 | 0
1408 | 143 | 0
1920 | 195 | 0
1341 | 137 | 0
3716 | 367 | 0
2953 | 300 | 0
142 | 14 | 0
4690 | 468 | 0
2297 | 233 | 0
2729 | 275 | 0
1745 | 175 | 0
1062 | 114 | 0
281 | 25 | 0
2184 | 219 | 0
2211 | 221 | 0
3683 | 363 | 0
4158 | 425 | 0
2231 | 223 | 0
3859 | 386 | 0
3720 | 368 | 0
1819 | 182 | 0
798 | 81 | 0
4193 | 429 | 0
3687 | 364 | 0
4726 | 474 | 0
3804 | 377 | 0
3626 | 359 | 0
3396 | 336 | 0
4384 | 449 | 0
3903 | 393 | 0
869 | 90 | 0
3820 | 378 | 0
375 | 38 | 0
1128 | 120 | 0
1103 | 119 | 0
3922 | 395 | 0
4231 | 434 | 0
4860 | 486 | 0
498 | 51 | 0
4097 | 416 | 0
3616 | 356 | 0
16 | 0 | 0
4845 | 483 | 0
119 | 10 | 0
1430 | 146 | 0
2689 | 269 | 0
192 | 16 | 0
2592 | 256 | 0
4005 | 407 | 0
2269 | 228 | 0
3440 | 340 | 0
194 | 17 | 0
3678 | 362 | 0
3468 | 345 | 0
3710 | 366 | 0
880 | 91 | 0
2385 | 239 | 0
333 | 33 | 0
3526 | 348 | 0
392 | 41 | 0
1594 | 159 | 0
4961 | 495 | 0
4451 | 455 | 0
4368 | 448 | 0
4027 | 409 | 0
3904 | 394 | 0
296 | 29 | 0
3411 | 338 | 0
1192 | 124 | 0
1703 | 169 | 0
1073 | 116 | 1
1465 | 148 | 1
825 | 84 | 0
2612 | 258 | 1
1573 | 156 | 0
2819 | 283 | 1
2956 | 301 | 1
2719 | 273 | 0
3673 | 361 | 1
788 | 79 | 0
2838 | 286 | 0
2990 | 304 | 0
1050 | 112 | 0
3534 | 350 | 0
130 | 13 | 0
4536 | 460 | 1
650 | 68 | 0
3009 | 306 | 0
121 | 11 | 0
2945 | 299 | 0
642 | 67 | 0
1417 | 144 | 0
4053 | 411 | 0
2741 | 277 | 0
3446 | 341 | 0
1769 | 178 | 0
1198 | 126 | 0
2108 | 211 | 0
3399 | 337 | 0
1899 | 189 | 0
2126 | 214 | 0
2986 | 302 | 0
2591 | 255 | 0
3944 | 400 | 0
4702 | 470 | 1
4081 | 414 | 0
2920 | 298 | 0
1959 | 202 | 0
3107 | 314 | 0
614 | 66 | 0
4155 | 424 | 0
3578 | 352 | 0
2118 | 213 | 0
543 | 56 | 0
2345 | 236 | 0
2748 | 278 | 0
2661 | 264 | 0
1652 | 164 | 0
3825 | 379 | 0
3585 | 354 | 0
2451 | 246 | 0
208 | 19 | 0
282 | 26 | 0
94 | 9 | 0
3985 | 404 | 0
3374 | 333 | 0
3741 | 369 | 0
4772 | 477 | 1
1481 | 150 | 0
823 | 83 | 0
556 | 60 | 0
3385 | 334 | 0
1083 | 117 | 0
234 | 22 | 0
3149 | 319 | 0
2555 | 251 | 0
360 | 35 | 0
4867 | 487 | 1
888 | 94 | 0
1027 | 107 | 0
4314 | 441 | 0
3892 | 391 | 0
2888 | 293 | 0
3850 | 383 | 0
1614 | 160 | 0
148 | 15 | 0
2295 | 232 | 0
1058 | 113 | 0
4004 | 406 | 0
3581 | 353 | 0
1646 | 162 | 0
3767 | 372 | 0
4841 | 482 | 0
2088 | 209 | 0
443 | 44 | 0
669 | 70 | 0
289 | 27 | 0
3856 | 385 | 0
2658 | 263 | 0
2434 | 245 | 0
2188 | 220 | 0
4149 | 422 | 0
4651 | 466 | 0
3535 | 351 | 0
4032 | 410 | 0
1860 | 185 | 0
1170 | 123 | 0
4530 | 459 | 0
674 | 71 | 0
3649 | 360 | 0
3936 | 397 | 0
448 | 45 | 0
3619 | 357 | 0
3101 | 313 | 0
1043 | 110 | 0
2716 | 272 | 0
1689 | 165 | 0
1063 | 115 | 0
4366 | 447 | 0
4852 | 485 | 0
4558 | 461 | 0
2796 | 281 | 0
1723 | 174 | 0
1327 | 135 | 0
1255 | 131 | 0
604 | 64 | 0
1699 | 168 | 0
4486 | 457 | 0
2649 | 262 | 0
1537 | 151 | 0
3848 | 382 | 0
2989 | 303 | 0
2216 | 222 | 0
2461 | 247 | 0
4847 | 484 | 0
1986 | 205 | 0
3089 | 310 | 0
1981 | 204 | 0
2246 | 224 | 0
4949 | 493 | 1
34 | 3 | 0
2580 | 253 | 0
929 | 97 | 0
4612 | 462 | 0
2803 | 282 | 0
4176 | 427 | 0
3092 | 311 | 0
937 | 99 | 0
3276 | 327 | 0
1876 | 186 | 0
3206 | 322 | 0
860 | 88 | 0
2869 | 291 | 0
3528 | 349 | 0
2837 | 285 | 0
4756 | 475 | 0
2703 | 270 | 0
1762 | 177 | 0
3419 | 339 | 0
4428 | 453 | 0
212 | 20 | 0
3865 | 387 | 0
4024 | 408 | 0
2158 | 218 | 0
4717 | 473 | 0
857 | 87 | 0
542 | 55 | 0
1951 | 200 | 0
2031 | 207 | 0
1719 | 173 | 0
767 | 77 | 0
573 | 63 | 0
3835 | 381 | 0
325 | 32 | 0
3940 | 399 | 0
3880 | 389 | 0
301 | 30 | 0
322 | 31 | 0
2688 | 268 | 0
1443 | 147 | 0
797 | 80 | 0
611 | 65 | 0
1230 | 128 | 0
2727 | 274 | 0
4238 | 435 | 0
4770 | 476 | 0
2148 | 217 | 0
553 | 59 | 0
3613 | 355 | 0
449 | 46 | 0
1693 | 166 | 0
1713 | 172 | 0
2429 | 244 | 0
84 | 8 | 0
4490 | 458 | 0
963 | 101 | 0
3996 | 405 | 0
2560 | 252 | 0
3109 | 315 | 0
68 | 7 | 0
1045 | 111 | 0
2273 | 230 | 0
374 | 37 | 0
3870 | 388 | 0
3147 | 317 | 0
2755 | 279 | 0
655 | 69 | 0
1018 | 105 | 0
4799 | 480 | 0
3483 | 346 | 0
494 | 50 | 0
1846 | 184 | 0
3334 | 331 | 0
3826 | 380 | 0
4446 | 454 | 0
3238 | 324 | 0
363 | 36 | 0
2823 | 284 | 0
4359 | 445 | 0
1553 | 152 | 0
3802 | 376 | 0
2256 | 225 | 0
4644 | 465 | 0
4364 | 446 | 0
4313 | 440 | 0
845 | 86 | 0
2732 | 276 | 0
705 | 75 | 0
1952 | 201 | 0
2099 | 210 | 0
3112 | 316 | 0
354 | 34 | 0
4618 | 463 | 0
380 | 39 | 0
694 | 73 | 0
3701 | 365 | 0
1036 | 109 | 0
408 | 42 | 0
2667 | 266 | 0
4415 | 451 | 0
4219 | 433 | 0
2472 | 248 | 0
1031 | 108 | 0
2865 | 290 | 0
4352 | 444 | 0
2270 | 229 | 0
1257 | 132 | 0
3853 | 384 | 0
1938 | 197 | 0
1429 | 145 | 0
2620 | 259 | 0
4419 | 452 | 0
21 | 1 | 0
704 | 74 | 0
1930 | 196 | 0
3028 | 307 | 0
4118 | 418 | 0
1361 | 140 | 0
518 | 52 | 0
3772 | 373 | 0
4658 | 467 | 0
1818 | 181 | 0
4962 | 496 | 1
2893 | 294 | 0
3172 | 320 | 0
4898 | 489 | 0
3622 | 358 | 0
2390 | 240 | 0
455 | 48 | 0
2855 | 289 | 0
2341 | 235 | 0
3190 | 321 | 0
4350 | 443 | 0
3982 | 403 | 0
2258 | 226 | 0
1008 | 104 | 0
708 | 76 | 0
58 | 5 | 0
2141 | 215 | 0
1268 | 134 | 0
3923 | 396 | 0
1194 | 125 | 0
1971 | 203 | 0
4777 | 478 | 0
4096 | 415 | 0
693 | 72 | 0
1913 | 192 | 0
990 | 103 | 0
523 | 53 | 0
1916 | 194 | 0
1556 | 153 | 0
3752 | 370 | 0
2757 | 280 | 0
4151 | 423 | 0
2851 | 288 | 0
4452 | 456 | 0
1588 | 158 | 0
2915 | 297 | 0
3938 | 398 | 0
4697 | 469 | 0
4918 | 491 | 0
3783 | 374 | 0
2428 | 243 | 0
387 | 40 | 0
1381 | 142 | 0
4175 | 426 | 0
23 | 2 | 0
4900 | 490 | 0
968 | 102 | 0
4145 | 420 | 0
1709 | 171 | 0
920 | 96 | 0
3786 | 375 | 0
3344 | 332 | 0
1778 | 179 | 0
1644 | 161 | 0
3323 | 330 | 0
4079 | 413 | 0
2504 | 249 | 0
2073 | 208 | 0
4878 | 488 | 0
3043 | 308 | 0
3956 | 401 | 0
3093 | 312 | 0
2641 | 261 | 0
207 | 18 | 0
1565 | 154 | 0
3251 | 325 | 0
894 | 95 | 0
4147 | 421 | 0
3390 | 335 | 0
1889 | 187 | 0
1135 | 121 | 0
4826 | 481 | 0
1569 | 155 | 0
242 | 23 | 0
827 | 85 | 0
3492 | 347 | 0
3896 | 392 | 0
1102 | 118 | 0
1910 | 191 | 0
454 | 47 | 0
1025 | 106 | 0
2846 | 287 | 0
3220 | 323 | 0
3287 | 328 | 0
64 | 6 | 0
2590 | 254 | 0
125 | 12 | 0
4294 | 438 | 0
547 | 57 | 0
439 | 43 | 0
815 | 82 | 0
3458 | 343 | 0
2263 | 227 | 0
1844 | 183 | 0
2318 | 234 | 0
4261 | 437 | 0
4136 | 419 | 0
4978 | 497 | 1
1914 | 193 | 0
2663 | 265 | 0
1331 | 136 | 0
1356 | 139 | 0
2412 | 241 | 0
1163 | 122 | 0
1259 | 133 | 0
2880 | 292 | 0
2024 | 206 | 0
777 | 78 | 0
3961 | 402 | 0
4985 | 498 | 1
295 | 28 | 0
1946 | 198 | 0
1949 | 199 | 0
2992 | 305 | 0
2375 | 238 | 0
2144 | 216 | 0
3887 | 390 | 0
4703 | 471 | 0
4200 | 431 | 0
232 | 21 | 0
251 | 24 | 0
1907 | 190 | 0
1707 | 170 | 0
1698 | 167 | 0
4114 | 417 | 0
3261 | 326 | 0
2628 | 260 | 0
886 | 93 | 0
933 | 98 | 0
1217 | 127 | 0
3148 | 318 | 0
4303 | 439 | 0
944 | 100 | 0
1236 | 129 | 0
1368 | 141 | 0
1815 | 180 | 0
2109 | 212 | 0
1890 | 188 | 0
3301 | 329 | 0
2287 | 231 | 0
3080 | 309 | 0
548 | 58 | 0
568 | 62 | 0
2711 | 271 | 0
2914 | 296 | 0
1748 | 176 | 0
1650 | 163 | 0
2361 | 237 | 0
2536 | 250 | 0
4706 | 472 | 0
478 | 49 | 0
2414 | 242 | 0
3452 | 342 | 0
4986 | 499 | 1
2675 | 267 | 0
1467 | 149 | 0
4628 | 464 | 0
4944 | 492 | 0
2913 | 295 | 0
4406 | 450 | 0
4201 | 432 | 0
865 | 89 | 0
1580 | 157 | 0
1238 | 130 | 0
1352 | 138 | 0
883 | 92 | 0
38 | 4 | 0
