---------------------------------
Before sorting 
55
395
310
285
303
422
213
272
166
251
286
178
80
65
47
10
369
175
199
85
361
445
425
431
134
331
119
141
242
223
468
208
449
408
45
456
239
447
23
383
453
414
24
391
324
235
147
405
341
407
188
317
187
409
490
475
30
471
313
398
347
354
130
390
494
461
195
258
87
375
219
476
311
491
201
32
379
417
358
268
477
206
88
282
52
89
373
150
234
327
397
457
416
138
308
82
436
14
442
365
_               _
a               b

0    | 55  10
1    | 395  14
2    | 310  23
3    | 285  24
4    | 303  30
5    | 422  32
6    | 213  45
7    | 272  47
8    | 166  52
9    | 251  55
10    | 286  65
11    | 178  80
12    | 80  82
13    | 65  85
14    | 47  87
15    | 10  88
16    | 369  89
17    | 175  119
18    | 199  130
19    | 85  134
20    | 361  138
21    | 445  141
22    | 425  147
23    | 431  150
24    | 134  166
25    | 331  175
26    | 119  178
27    | 141  187
28    | 242  188
29    | 223  195
30    | 468  199
31    | 208  201
32    | 449  206
33    | 408  208
34    | 45  213
35    | 456  219
36    | 239  223
37    | 447  234
38    | 23  235
39    | 383  239
40    | 453  242
41    | 414  251
42    | 24  258
43    | 391  268
44    | 324  272
45    | 235  282
46    | 147  285
47    | 405  286
48    | 341  303
49    | 407  308
50    | 188  310
51    | 317  311
52    | 187  313
53    | 409  317
54    | 490  324
55    | 475  327
56    | 30  331
57    | 471  341
58    | 313  347
59    | 398  354
60    | 347  358
61    | 354  361
62    | 130  365
63    | 390  369
64    | 494  373
65    | 461  375
66    | 195  379
67    | 258  383
68    | 87  390
69    | 375  391
70    | 219  395
71    | 476  397
72    | 311  398
73    | 491  405
74    | 201  407
75    | 32  408
76    | 379  409
77    | 417  414
78    | 358  416
79    | 268  417
80    | 477  422
81    | 206  425
82    | 88  431
83    | 282  436
84    | 52  442
85    | 89  445
86    | 373  447
87    | 150  449
88    | 234  453
89    | 327  456
90    | 397  457
91    | 457  461
92    | 416  468
93    | 138  471
94    | 308  475
95    | 82  476
96    | 436  477
97    | 14  490
98    | 442  491
99    | 365  494
134
239
354
417
494
