---------------------------------
Before sorting 
181
146
577
798
323
528
352
796
522
701
231
516
2
53
691
892
674
127
776
493
443
881
419
204
75
147
551
389
683
835
299
243
555
379
592
112
518
136
828
682
309
320
850
604
845
477
58
858
193
14
765
762
896
636
711
607
122
269
439
413
134
852
153
149
432
618
576
157
490
761
484
69
400
773
891
657
769
608
585
622
84
141
647
593
451
652
753
330
672
56
129
434
791
216
86
85
344
15
429
77
_               _
a               b

stacka
stackb
896
892
891
881
858
852
850
845
835
828
798
796
791
776
773
769
765
762
761
753
711
701
691
683
682
674
672
657
652
647
636
622
618
608
607
604
593
592
585
577
576
555
551
528
522
518
516
493
490
484
477
451
443
439
434
432
429
419
413
400
389
379
352
344
330
323
320
309
299
269
243
231
216
204
193
181
157
153
149
147
146
141
136
134
129
127
122
112
86
85
84
77
75
69
58
56
53
15
14
2
the size is 100
the number of instructions is 688
stacka
2
14
15
53
56
58
69
75
77
84
85
86
112
122
127
129
134
136
141
146
147
149
153
157
181
193
204
216
231
243
269
299
309
320
323
330
344
352
379
389
400
413
419
429
432
434
439
443
451
477
484
490
493
516
518
522
528
551
555
576
577
585
592
593
604
607
608
618
622
636
647
652
657
672
674
682
683
691
701
711
753
761
762
765
769
773
776
791
796
798
828
835
845
850
852
858
881
891
892
896
stackb
the size is 0
the number of instructions is 788
