---------------------------------
Before sorting 
284
492
508
154
22
268
643
100
172
413
769
723
558
339
330
669
534
754
217
506
738
628
137
117
307
467
143
195
423
50
516
132
301
490
299
652
275
616
83
39
310
331
430
436
68
764
518
386
351
501
158
280
763
352
388
785
112
177
540
167
674
114
757
772
433
305
358
374
335
105
13
660
408
293
632
361
337
663
767
31
676
529
180
124
56
3
324
493
725
315
323
455
78
214
161
706
354
207
92
228
107
221
406
230
709
312
578
216
638
472
564
686
555
665
185
692
103
770
247
690
647
442
215
566
121
309
768
84
679
621
359
462
424
797
206
773
157
581
580
712
184
743
759
592
292
113
469
601
371
444
155
202
5
350
524
435
532
649
622
683
120
279
289
205
111
311
118
129
295
752
74
762
634
557
715
224
499
644
259
771
756
443
460
368
487
468
445
10
526
146
800
212
624
790
721
191
780
51
385
697
_               _
a               b
