---------------------------------
Before sorting 
19
84
87
72
13
29
37
89
59
16
54
35
20
27
26
4
28
1
3
85
31
22
10
8
75
73
88
69
48
21
47
36
55
68
65
49
44
71
14
80
39
46
40
30
50
38
33
63
32
70
_               _
a               b

stacka
stackb
89
88
87
85
84
80
75
73
72
71
70
69
68
65
63
59
55
54
50
49
48
47
46
44
40
39
38
37
36
35
33
32
31
30
29
28
27
26
22
21
20
19
16
14
13
10
8
4
3
1
the size is 50
the number of instructions is 212
stacka
1
3
4
8
10
13
14
16
19
20
21
22
26
27
28
29
30
31
32
33
35
36
37
38
39
40
44
46
47
48
49
50
54
55
59
63
65
68
69
70
71
72
73
75
80
84
85
87
88
89
stackb
the size is 0
the number of instructions is 262
