---------------------------------
Before sorting 
424
438
685
226
534
464
767
751
99
826
377
822
710
24
380
271
650
848
703
293
620
897
418
436
529
715
275
604
811
644
446
216
330
448
664
286
537
185
171
217
302
129
135
606
694
733
130
398
489
225
260
499
597
194
708
456
163
673
91
583
570
832
696
769
296
208
676
409
63
548
491
458
352
408
320
28
354
616
730
857
383
481
449
801
277
784
818
720
886
804
280
192
795
874
809
145
721
452
813
283
25
34
761
488
682
316
221
134
347
556
785
518
311
11
535
289
526
617
716
651
265
717
312
646
235
209
842
270
533
823
256
527
117
695
877
300
37
232
326
273
269
351
663
546
726
605
303
471
420
220
591
752
26
711
741
6
719
530
451
169
692
353
367
821
122
432
776
748
578
764
514
787
395
294
520
141
410
103
493
881
299
75
863
295
596
467
106
667
498
101
119
96
560
579
186
739
331
641
559
344
435
143
868
660
896
349
794
632
808
181
512
405
36
889
434
50
830
197
858
538
771
327
373
455
750
503
379
180
484
369
400
65
427
322
178
375
547
816
406
635
506
657
266
531
871
340
652
894
675
521
305
204
587
633
759
562
681
385
756
52
157
898
519
98
242
443
798
831
250
576
566
603
758
724
510
440
707
422
495
123
846
309
569
38
358
196
87
688
815
363
95
625
112
100
359
195
621
665
391
680
276
613
57
249
742
656
337
532
314
709
415
397
766
522
390
138
393
777
147
504
350
478
439
66
142
593
20
255
93
543
133
431
55
94
394
755
671
740
213
861
81
642
433
114
791
362
168
170
687
732
661
867
48
797
125
447
850
403
558
150
885
611
631
207
238
68
239
74
691
227
722
824
218
608
629
392
165
640
486
622
386
749
796
332
637
476
61
820
536
780
261
40
892
228
480
76
279
515
206
487
838
803
884
549
782
883
407
339
496
887
315
876
573
590
564
430
290
14
636
849
127
833
475
102
494
653
699
140
71
814
473
492
78
686
508
854
388
190
690
539
714
697
852
203
42
705
614
274
345
561
23
18
381
757
554
442
8
873
586
346
649
288
773
792
173
555
581
793
470
619
263
862
601
700
234
366
672
51
355
600
291
335
247
90
244
610
184
121
284
414
802
453
348
154
834
85
131
524
551
177
_               _
a               b

stacka
stackb
898
897
896
894
892
889
887
886
885
884
883
881
877
876
874
873
871
868
867
863
862
861
858
857
854
852
850
849
848
846
842
838
834
833
832
831
830
826
824
823
822
821
820
818
816
815
814
813
811
809
808
804
803
802
801
798
797
796
795
794
793
792
791
787
785
784
782
780
777
776
773
771
769
767
766
764
761
759
758
757
756
755
752
751
750
749
748
742
741
740
739
733
732
730
726
724
722
721
720
719
717
716
715
714
711
710
709
708
707
705
703
700
699
697
696
695
694
692
691
690
688
687
686
685
682
681
680
676
675
673
672
671
667
665
664
663
661
660
657
656
653
652
651
650
649
646
644
642
641
640
637
636
635
633
632
631
629
625
622
621
620
619
617
616
614
613
611
610
608
606
605
604
603
601
600
597
596
593
591
590
587
586
583
581
579
578
576
573
570
569
566
564
562
561
560
559
558
556
555
554
551
549
548
547
546
543
539
538
537
536
535
534
533
532
531
530
529
527
526
524
522
521
520
519
518
515
514
512
510
508
506
504
503
499
498
496
495
494
493
492
491
489
488
487
486
484
481
480
478
476
475
473
471
470
467
464
458
456
455
453
452
451
449
448
447
446
443
442
440
439
438
436
435
434
433
432
431
430
427
424
422
420
418
415
414
410
409
408
407
406
405
403
400
398
397
395
394
393
392
391
390
388
386
385
383
381
380
379
377
375
373
369
367
366
363
362
359
358
355
354
353
352
351
350
349
348
347
346
345
344
340
339
337
335
332
331
330
327
326
322
320
316
315
314
312
311
309
305
303
302
300
299
296
295
294
293
291
290
289
288
286
284
283
280
279
277
276
275
274
273
271
270
269
266
265
263
261
260
256
255
250
249
247
244
242
239
238
235
234
232
228
227
226
225
221
220
218
217
216
213
209
208
207
206
204
203
197
196
195
194
192
190
186
185
184
181
180
178
177
173
171
170
169
168
165
163
157
154
150
147
145
143
142
141
140
138
135
134
133
131
130
129
127
125
123
122
121
119
117
114
112
106
103
102
101
100
99
98
96
95
94
93
91
90
87
85
81
78
76
75
74
71
68
66
65
63
61
57
55
52
51
50
48
42
40
38
37
36
34
28
26
25
24
23
20
18
14
11
8
6
the size is 500
the number of instructions is 6852
stacka
6
8
11
14
18
20
23
24
25
26
28
34
36
37
38
40
42
48
50
51
52
55
57
61
63
65
66
68
71
74
75
76
78
81
85
87
90
91
93
94
95
96
98
99
100
101
102
103
106
112
114
117
119
121
122
123
125
127
129
130
131
133
134
135
138
140
141
142
143
145
147
150
154
157
163
165
168
169
170
171
173
177
178
180
181
184
185
186
190
192
194
195
196
197
203
204
206
207
208
209
213
216
217
218
220
221
225
226
227
228
232
234
235
238
239
242
244
247
249
250
255
256
260
261
263
265
266
269
270
271
273
274
275
276
277
279
280
283
284
286
288
289
290
291
293
294
295
296
299
300
302
303
305
309
311
312
314
315
316
320
322
326
327
330
331
332
335
337
339
340
344
345
346
347
348
349
350
351
352
353
354
355
358
359
362
363
366
367
369
373
375
377
379
380
381
383
385
386
388
390
391
392
393
394
395
397
398
400
403
405
406
407
408
409
410
414
415
418
420
422
424
427
430
431
432
433
434
435
436
438
439
440
442
443
446
447
448
449
451
452
453
455
456
458
464
467
470
471
473
475
476
478
480
481
484
486
487
488
489
491
492
493
494
495
496
498
499
503
504
506
508
510
512
514
515
518
519
520
521
522
524
526
527
529
530
531
532
533
534
535
536
537
538
539
543
546
547
548
549
551
554
555
556
558
559
560
561
562
564
566
569
570
573
576
578
579
581
583
586
587
590
591
593
596
597
600
601
603
604
605
606
608
610
611
613
614
616
617
619
620
621
622
625
629
631
632
633
635
636
637
640
641
642
644
646
649
650
651
652
653
656
657
660
661
663
664
665
667
671
672
673
675
676
680
681
682
685
686
687
688
690
691
692
694
695
696
697
699
700
703
705
707
708
709
710
711
714
715
716
717
719
720
721
722
724
726
730
732
733
739
740
741
742
748
749
750
751
752
755
756
757
758
759
761
764
766
767
769
771
773
776
777
780
782
784
785
787
791
792
793
794
795
796
797
798
801
802
803
804
808
809
811
813
814
815
816
818
820
821
822
823
824
826
830
831
832
833
834
838
842
846
848
849
850
852
854
857
858
861
862
863
867
868
871
873
874
876
877
881
883
884
885
886
887
889
892
894
896
897
898
stackb
the size is 0
the number of instructions is 7352
