---------------------------------
Before sorting 
29
26
2
3
21
34
19
13
35
23
11
1
28
33
14
15
24
5
31
17
18
20
22
27
12
16
6
9
10
30
4
8
25
32
7
_               _
a               b
---------------------------------
exec pb-------instruction number 1

26
2
3
21
34
19
13
35
23
11
1
28
33
14
15
24
5
31
17
18
20
22
27
12
16
6
9
10
30
4
8
25
32
7               29
_               _
a               b
---------------------------------
exec pb-------instruction number 2

2
3
21
34
19
13
35
23
11
1
28
33
14
15
24
5
31
17
18
20
22
27
12
16
6
9
10
30
4
8
25
32               26
7               29
_               _
a               b
---------------------------------
exec pb-------instruction number 3

3
21
34
19
13
35
23
11
1
28
33
14
15
24
5
31
17
18
20
22
27
12
16
6
9
10
30
4
8
25               2
32               26
7               29
_               _
a               b
---------------------------------
exec pb-------instruction number 4

21
34
19
13
35
23
11
1
28
33
14
15
24
5
31
17
18
20
22
27
12
16
6
9
10
30
4
8               3
25               2
32               26
7               29
_               _
a               b
---------------------------------
exec pb-------instruction number 5

34
19
13
35
23
11
1
28
33
14
15
24
5
31
17
18
20
22
27
12
16
6
9
10
30
4               21
8               3
25               2
32               26
7               29
_               _
a               b
---------------------------------
exec pb-------instruction number 6

19
13
35
23
11
1
28
33
14
15
24
5
31
17
18
20
22
27
12
16
6
9
10
30               34
4               21
8               3
25               2
32               26
7               29
_               _
a               b
---------------------------------
exec pb-------instruction number 7

13
35
23
11
1
28
33
14
15
24
5
31
17
18
20
22
27
12
16
6
9
10               19
30               34
4               21
8               3
25               2
32               26
7               29
_               _
a               b
---------------------------------
exec pb-------instruction number 8

35
23
11
1
28
33
14
15
24
5
31
17
18
20
22
27
12
16
6
9               13
10               19
30               34
4               21
8               3
25               2
32               26
7               29
_               _
a               b
---------------------------------
exec pb-------instruction number 9

23
11
1
28
33
14
15
24
5
31
17
18
20
22
27
12
16
6               35
9               13
10               19
30               34
4               21
8               3
25               2
32               26
7               29
_               _
a               b
---------------------------------
exec pb-------instruction number 10

11
1
28
33
14
15
24
5
31
17
18
20
22
27
12
16               23
6               35
9               13
10               19
30               34
4               21
8               3
25               2
32               26
7               29
_               _
a               b
---------------------------------
exec pb-------instruction number 11

1
28
33
14
15
24
5
31
17
18
20
22
27
12               11
16               23
6               35
9               13
10               19
30               34
4               21
8               3
25               2
32               26
7               29
_               _
a               b
---------------------------------
exec pb-------instruction number 12

28
33
14
15
24
5
31
17
18
20
22
27               1
12               11
16               23
6               35
9               13
10               19
30               34
4               21
8               3
25               2
32               26
7               29
_               _
a               b
---------------------------------
exec pb-------instruction number 13

33
14
15
24
5
31
17
18
20
22               28
27               1
12               11
16               23
6               35
9               13
10               19
30               34
4               21
8               3
25               2
32               26
7               29
_               _
a               b
---------------------------------
exec pb-------instruction number 14

14
15
24
5
31
17
18
20               33
22               28
27               1
12               11
16               23
6               35
9               13
10               19
30               34
4               21
8               3
25               2
32               26
7               29
_               _
a               b
---------------------------------
exec pb-------instruction number 15

15
24
5
31
17
18               14
20               33
22               28
27               1
12               11
16               23
6               35
9               13
10               19
30               34
4               21
8               3
25               2
32               26
7               29
_               _
a               b
---------------------------------
exec pb-------instruction number 16

24
5
31
17               15
18               14
20               33
22               28
27               1
12               11
16               23
6               35
9               13
10               19
30               34
4               21
8               3
25               2
32               26
7               29
_               _
a               b
---------------------------------
exec pb-------instruction number 17

5
31               24
17               15
18               14
20               33
22               28
27               1
12               11
16               23
6               35
9               13
10               19
30               34
4               21
8               3
25               2
32               26
7               29
_               _
a               b
---------------------------------
exec pb-------instruction number 18

                5
31               24
17               15
18               14
20               33
22               28
27               1
12               11
16               23
6               35
9               13
10               19
30               34
4               21
8               3
25               2
32               26
7               29
_               _
a               b
---------------------------------
exec pb-------instruction number 19

                31
                5
                24
17               15
18               14
20               33
22               28
27               1
12               11
16               23
6               35
9               13
10               19
30               34
4               21
8               3
25               2
32               26
7               29
_               _
a               b
---------------------------------
exec pb-------instruction number 20

                17
                31
                5
                24
                15
18               14
20               33
22               28
27               1
12               11
16               23
6               35
9               13
10               19
30               34
4               21
8               3
25               2
32               26
7               29
_               _
a               b
---------------------------------
exec pb-------instruction number 21

                18
                17
                31
                5
                24
                15
                14
20               33
22               28
27               1
12               11
16               23
6               35
9               13
10               19
30               34
4               21
8               3
25               2
32               26
7               29
_               _
a               b
---------------------------------
exec pb-------instruction number 22

                20
                18
                17
                31
                5
                24
                15
                14
                33
22               28
27               1
12               11
16               23
6               35
9               13
10               19
30               34
4               21
8               3
25               2
32               26
7               29
_               _
a               b
---------------------------------
exec pb-------instruction number 23

                22
                20
                18
                17
                31
                5
                24
                15
                14
                33
                28
27               1
12               11
16               23
6               35
9               13
10               19
30               34
4               21
8               3
25               2
32               26
7               29
_               _
a               b
---------------------------------
exec pb-------instruction number 24

                27
                22
                20
                18
                17
                31
                5
                24
                15
                14
                33
                28
                1
12               11
16               23
6               35
9               13
10               19
30               34
4               21
8               3
25               2
32               26
7               29
_               _
a               b
---------------------------------
exec pb-------instruction number 25

                12
                27
                22
                20
                18
                17
                31
                5
                24
                15
                14
                33
                28
                1
                11
16               23
6               35
9               13
10               19
30               34
4               21
8               3
25               2
32               26
7               29
_               _
a               b
---------------------------------
exec pb-------instruction number 26

                16
                12
                27
                22
                20
                18
                17
                31
                5
                24
                15
                14
                33
                28
                1
                11
                23
6               35
9               13
10               19
30               34
4               21
8               3
25               2
32               26
7               29
_               _
a               b
---------------------------------
exec pb-------instruction number 27

                6
                16
                12
                27
                22
                20
                18
                17
                31
                5
                24
                15
                14
                33
                28
                1
                11
                23
                35
9               13
10               19
30               34
4               21
8               3
25               2
32               26
7               29
_               _
a               b
---------------------------------
exec pb-------instruction number 28

                9
                6
                16
                12
                27
                22
                20
                18
                17
                31
                5
                24
                15
                14
                33
                28
                1
                11
                23
                35
                13
10               19
30               34
4               21
8               3
25               2
32               26
7               29
_               _
a               b
---------------------------------
exec pb-------instruction number 29

                10
                9
                6
                16
                12
                27
                22
                20
                18
                17
                31
                5
                24
                15
                14
                33
                28
                1
                11
                23
                35
                13
                19
30               34
4               21
8               3
25               2
32               26
7               29
_               _
a               b
---------------------------------
exec pb-------instruction number 30

                30
                10
                9
                6
                16
                12
                27
                22
                20
                18
                17
                31
                5
                24
                15
                14
                33
                28
                1
                11
                23
                35
                13
                19
                34
4               21
8               3
25               2
32               26
7               29
_               _
a               b
---------------------------------
exec pb-------instruction number 31

                4
                30
                10
                9
                6
                16
                12
                27
                22
                20
                18
                17
                31
                5
                24
                15
                14
                33
                28
                1
                11
                23
                35
                13
                19
                34
                21
8               3
25               2
32               26
7               29
_               _
a               b
---------------------------------
exec pb-------instruction number 32

                8
                4
                30
                10
                9
                6
                16
                12
                27
                22
                20
                18
                17
                31
                5
                24
                15
                14
                33
                28
                1
                11
                23
                35
                13
                19
                34
                21
                3
25               2
32               26
7               29
_               _
a               b
---------------------------------
exec rra-------instruction number 33

                8
                4
                30
                10
                9
                6
                16
                12
                27
                22
                20
                18
                17
                31
                5
                24
                15
                14
                33
                28
                1
                11
                23
                35
                13
                19
                34
                21
                3
7               2
25               26
32               29
_               _
a               b
---------------------------------
exec sb-------instruction number 34

                4
                8
                30
                10
                9
                6
                16
                12
                27
                22
                20
                18
                17
                31
                5
                24
                15
                14
                33
                28
                1
                11
                23
                35
                13
                19
                34
                21
                3
7               2
25               26
32               29
_               _
a               b
---------------------------------
exec pa-------instruction number 35

                8
                30
                10
                9
                6
                16
                12
                27
                22
                20
                18
                17
                31
                5
                24
                15
                14
                33
                28
                1
                11
                23
                35
                13
                19
                34
                21
4               3
7               2
25               26
32               29
_               _
a               b
---------------------------------
exec ra-------instruction number 36

                8
                30
                10
                9
                6
                16
                12
                27
                22
                20
                18
                17
                31
                5
                24
                15
                14
                33
                28
                1
                11
                23
                35
                13
                19
                34
                21
7               3
25               2
32               26
4               29
_               _
a               b
---------------------------------
exec ra-------instruction number 37

                8
                30
                10
                9
                6
                16
                12
                27
                22
                20
                18
                17
                31
                5
                24
                15
                14
                33
                28
                1
                11
                23
                35
                13
                19
                34
                21
25               3
32               2
4               26
7               29
_               _
a               b
---------------------------------
exec pa-------instruction number 38

                30
                10
                9
                6
                16
                12
                27
                22
                20
                18
                17
                31
                5
                24
                15
                14
                33
                28
                1
                11
                23
                35
                13
                19
                34
8               21
25               3
32               2
4               26
7               29
_               _
a               b
---------------------------------
exec sb-------instruction number 39

                10
                30
                9
                6
                16
                12
                27
                22
                20
                18
                17
                31
                5
                24
                15
                14
                33
                28
                1
                11
                23
                35
                13
                19
                34
8               21
25               3
32               2
4               26
7               29
_               _
a               b
---------------------------------
exec pa-------instruction number 40

                30
                9
                6
                16
                12
                27
                22
                20
                18
                17
                31
                5
                24
                15
                14
                33
                28
                1
                11
                23
                35
                13
                19
10               34
8               21
25               3
32               2
4               26
7               29
_               _
a               b
---------------------------------
exec sa-------instruction number 41

                30
                9
                6
                16
                12
                27
                22
                20
                18
                17
                31
                5
                24
                15
                14
                33
                28
                1
                11
                23
                35
                13
                19
8               34
10               21
25               3
32               2
4               26
7               29
_               _
a               b
---------------------------------
exec rra-------instruction number 42

                30
                9
                6
                16
                12
                27
                22
                20
                18
                17
                31
                5
                24
                15
                14
                33
                28
                1
                11
                23
                35
                13
                19
7               34
8               21
10               3
25               2
32               26
4               29
_               _
a               b
---------------------------------
exec rra-------instruction number 43

                30
                9
                6
                16
                12
                27
                22
                20
                18
                17
                31
                5
                24
                15
                14
                33
                28
                1
                11
                23
                35
                13
                19
4               34
7               21
8               3
10               2
25               26
32               29
_               _
a               b
---------------------------------
exec rra-------instruction number 44

                30
                9
                6
                16
                12
                27
                22
                20
                18
                17
                31
                5
                24
                15
                14
                33
                28
                1
                11
                23
                35
                13
                19
32               34
4               21
7               3
8               2
10               26
25               29
_               _
a               b
---------------------------------
exec pa-------instruction number 45

                9
                6
                16
                12
                27
                22
                20
                18
                17
                31
                5
                24
                15
                14
                33
                28
                1
                11
                23
                35
                13
30               19
32               34
4               21
7               3
8               2
10               26
25               29
_               _
a               b
---------------------------------
exec rrb-------instruction number 46

                29
                9
                6
                16
                12
                27
                22
                20
                18
                17
                31
                5
                24
                15
                14
                33
                28
                1
                11
                23
                35
30               13
32               19
4               34
7               21
8               3
10               2
25               26
_               _
a               b
---------------------------------
exec pa-------instruction number 47

                9
                6
                16
                12
                27
                22
                20
                18
                17
                31
                5
                24
                15
                14
                33
                28
                1
                11
                23
29               35
30               13
32               19
4               34
7               21
8               3
10               2
25               26
_               _
a               b
---------------------------------
exec ra-------instruction number 48

                9
                6
                16
                12
                27
                22
                20
                18
                17
                31
                5
                24
                15
                14
                33
                28
                1
                11
                23
30               35
32               13
4               19
7               34
8               21
10               3
25               2
29               26
_               _
a               b
---------------------------------
exec ra-------instruction number 49

                9
                6
                16
                12
                27
                22
                20
                18
                17
                31
                5
                24
                15
                14
                33
                28
                1
                11
                23
32               35
4               13
7               19
8               34
10               21
25               3
29               2
30               26
_               _
a               b
---------------------------------
exec ra-------instruction number 50

                9
                6
                16
                12
                27
                22
                20
                18
                17
                31
                5
                24
                15
                14
                33
                28
                1
                11
                23
4               35
7               13
8               19
10               34
25               21
29               3
30               2
32               26
_               _
a               b
---------------------------------
exec sb-------instruction number 51

                6
                9
                16
                12
                27
                22
                20
                18
                17
                31
                5
                24
                15
                14
                33
                28
                1
                11
                23
4               35
7               13
8               19
10               34
25               21
29               3
30               2
32               26
_               _
a               b
---------------------------------
exec ra-------instruction number 52

                6
                9
                16
                12
                27
                22
                20
                18
                17
                31
                5
                24
                15
                14
                33
                28
                1
                11
                23
7               35
8               13
10               19
25               34
29               21
30               3
32               2
4               26
_               _
a               b
---------------------------------
exec pa-------instruction number 53

                9
                16
                12
                27
                22
                20
                18
                17
                31
                5
                24
                15
                14
                33
                28
                1
                11
6               23
7               35
8               13
10               19
25               34
29               21
30               3
32               2
4               26
_               _
a               b
---------------------------------
exec rra-------instruction number 54

                9
                16
                12
                27
                22
                20
                18
                17
                31
                5
                24
                15
                14
                33
                28
                1
                11
4               23
6               35
7               13
8               19
10               34
25               21
29               3
30               2
32               26
_               _
a               b
---------------------------------
exec ra-------instruction number 55

                9
                16
                12
                27
                22
                20
                18
                17
                31
                5
                24
                15
                14
                33
                28
                1
                11
6               23
7               35
8               13
10               19
25               34
29               21
30               3
32               2
4               26
_               _
a               b
---------------------------------
exec ra-------instruction number 56

                9
                16
                12
                27
                22
                20
                18
                17
                31
                5
                24
                15
                14
                33
                28
                1
                11
7               23
8               35
10               13
25               19
29               34
30               21
32               3
4               2
6               26
_               _
a               b
---------------------------------
exec ra-------instruction number 57

                9
                16
                12
                27
                22
                20
                18
                17
                31
                5
                24
                15
                14
                33
                28
                1
                11
8               23
10               35
25               13
29               19
30               34
32               21
4               3
6               2
7               26
_               _
a               b
---------------------------------
exec ra-------instruction number 58

                9
                16
                12
                27
                22
                20
                18
                17
                31
                5
                24
                15
                14
                33
                28
                1
                11
10               23
25               35
29               13
30               19
32               34
4               21
6               3
7               2
8               26
_               _
a               b
---------------------------------
exec pa-------instruction number 59

                16
                12
                27
                22
                20
                18
                17
                31
                5
                24
                15
                14
                33
                28
                1
9               11
10               23
25               35
29               13
30               19
32               34
4               21
6               3
7               2
8               26
_               _
a               b
---------------------------------
exec rra-------instruction number 60

                16
                12
                27
                22
                20
                18
                17
                31
                5
                24
                15
                14
                33
                28
                1
8               11
9               23
10               35
25               13
29               19
30               34
32               21
4               3
6               2
7               26
_               _
a               b
---------------------------------
exec rra-------instruction number 61

                16
                12
                27
                22
                20
                18
                17
                31
                5
                24
                15
                14
                33
                28
                1
7               11
8               23
9               35
10               13
25               19
29               34
30               21
32               3
4               2
6               26
_               _
a               b
---------------------------------
exec rra-------instruction number 62

                16
                12
                27
                22
                20
                18
                17
                31
                5
                24
                15
                14
                33
                28
                1
6               11
7               23
8               35
9               13
10               19
25               34
29               21
30               3
32               2
4               26
_               _
a               b
---------------------------------
exec rra-------instruction number 63

                16
                12
                27
                22
                20
                18
                17
                31
                5
                24
                15
                14
                33
                28
                1
4               11
6               23
7               35
8               13
9               19
10               34
25               21
29               3
30               2
32               26
_               _
a               b
---------------------------------
exec rra-------instruction number 64

                16
                12
                27
                22
                20
                18
                17
                31
                5
                24
                15
                14
                33
                28
                1
32               11
4               23
6               35
7               13
8               19
9               34
10               21
25               3
29               2
30               26
_               _
a               b
---------------------------------
exec rra-------instruction number 65

                16
                12
                27
                22
                20
                18
                17
                31
                5
                24
                15
                14
                33
                28
                1
30               11
32               23
4               35
6               13
7               19
8               34
9               21
10               3
25               2
29               26
_               _
a               b
---------------------------------
exec rra-------instruction number 66

                16
                12
                27
                22
                20
                18
                17
                31
                5
                24
                15
                14
                33
                28
                1
29               11
30               23
32               35
4               13
6               19
7               34
8               21
9               3
10               2
25               26
_               _
a               b
---------------------------------
exec rra-------instruction number 67

                16
                12
                27
                22
                20
                18
                17
                31
                5
                24
                15
                14
                33
                28
                1
25               11
29               23
30               35
32               13
4               19
6               34
7               21
8               3
9               2
10               26
_               _
a               b
---------------------------------
exec pa-------instruction number 68

                12
                27
                22
                20
                18
                17
                31
                5
                24
                15
                14
                33
                28
16               1
25               11
29               23
30               35
32               13
4               19
6               34
7               21
8               3
9               2
10               26
_               _
a               b
---------------------------------
exec pa-------instruction number 69

                27
                22
                20
                18
                17
                31
                5
                24
                15
                14
                33
12               28
16               1
25               11
29               23
30               35
32               13
4               19
6               34
7               21
8               3
9               2
10               26
_               _
a               b
---------------------------------
exec ra-------instruction number 70

                27
                22
                20
                18
                17
                31
                5
                24
                15
                14
                33
16               28
25               1
29               11
30               23
32               35
4               13
6               19
7               34
8               21
9               3
10               2
12               26
_               _
a               b
---------------------------------
exec sb-------instruction number 71

                22
                27
                20
                18
                17
                31
                5
                24
                15
                14
                33
16               28
25               1
29               11
30               23
32               35
4               13
6               19
7               34
8               21
9               3
10               2
12               26
_               _
a               b
---------------------------------
exec pa-------instruction number 72

                27
                20
                18
                17
                31
                5
                24
                15
                14
22               33
16               28
25               1
29               11
30               23
32               35
4               13
6               19
7               34
8               21
9               3
10               2
12               26
_               _
a               b
---------------------------------
exec sa-------instruction number 73

                27
                20
                18
                17
                31
                5
                24
                15
                14
16               33
22               28
25               1
29               11
30               23
32               35
4               13
6               19
7               34
8               21
9               3
10               2
12               26
_               _
a               b
---------------------------------
exec ra-------instruction number 74

                27
                20
                18
                17
                31
                5
                24
                15
                14
22               33
25               28
29               1
30               11
32               23
4               35
6               13
7               19
8               34
9               21
10               3
12               2
16               26
_               _
a               b
---------------------------------
exec sb-------instruction number 75

                20
                27
                18
                17
                31
                5
                24
                15
                14
22               33
25               28
29               1
30               11
32               23
4               35
6               13
7               19
8               34
9               21
10               3
12               2
16               26
_               _
a               b
---------------------------------
exec pa-------instruction number 76

                27
                18
                17
                31
                5
                24
                15
20               14
22               33
25               28
29               1
30               11
32               23
4               35
6               13
7               19
8               34
9               21
10               3
12               2
16               26
_               _
a               b
---------------------------------
exec ra-------instruction number 77

                27
                18
                17
                31
                5
                24
                15
22               14
25               33
29               28
30               1
32               11
4               23
6               35
7               13
8               19
9               34
10               21
12               3
16               2
20               26
_               _
a               b
---------------------------------
exec ra-------instruction number 78

                27
                18
                17
                31
                5
                24
                15
25               14
29               33
30               28
32               1
4               11
6               23
7               35
8               13
9               19
10               34
12               21
16               3
20               2
22               26
_               _
a               b
---------------------------------
exec pa-------instruction number 79

                18
                17
                31
                5
                24
27               15
25               14
29               33
30               28
32               1
4               11
6               23
7               35
8               13
9               19
10               34
12               21
16               3
20               2
22               26
_               _
a               b
---------------------------------
exec sa-------instruction number 80

                18
                17
                31
                5
                24
25               15
27               14
29               33
30               28
32               1
4               11
6               23
7               35
8               13
9               19
10               34
12               21
16               3
20               2
22               26
_               _
a               b
---------------------------------
exec rrb-------instruction number 81

                26
                18
                17
                31
                5
25               24
27               15
29               14
30               33
32               28
4               1
6               11
7               23
8               35
9               13
10               19
12               34
16               21
20               3
22               2
_               _
a               b
---------------------------------
exec pa-------instruction number 82

                18
                17
                31
26               5
25               24
27               15
29               14
30               33
32               28
4               1
6               11
7               23
8               35
9               13
10               19
12               34
16               21
20               3
22               2
_               _
a               b
---------------------------------
exec sa-------instruction number 83

                18
                17
                31
25               5
26               24
27               15
29               14
30               33
32               28
4               1
6               11
7               23
8               35
9               13
10               19
12               34
16               21
20               3
22               2
_               _
a               b
---------------------------------
exec ra-------instruction number 84

                18
                17
                31
26               5
27               24
29               15
30               14
32               33
4               28
6               1
7               11
8               23
9               35
10               13
12               19
16               34
20               21
22               3
25               2
_               _
a               b
---------------------------------
exec ra-------instruction number 85

                18
                17
                31
27               5
29               24
30               15
32               14
4               33
6               28
7               1
8               11
9               23
10               35
12               13
16               19
20               34
22               21
25               3
26               2
_               _
a               b
---------------------------------
exec ra-------instruction number 86

                18
                17
                31
29               5
30               24
32               15
4               14
6               33
7               28
8               1
9               11
10               23
12               35
16               13
20               19
22               34
25               21
26               3
27               2
_               _
a               b
---------------------------------
exec ra-------instruction number 87

                18
                17
                31
30               5
32               24
4               15
6               14
7               33
8               28
9               1
10               11
12               23
16               35
20               13
22               19
25               34
26               21
27               3
29               2
_               _
a               b
---------------------------------
exec ra-------instruction number 88

                18
                17
                31
32               5
4               24
6               15
7               14
8               33
9               28
10               1
12               11
16               23
20               35
22               13
25               19
26               34
27               21
29               3
30               2
_               _
a               b
---------------------------------
exec ra-------instruction number 89

                18
                17
                31
4               5
6               24
7               15
8               14
9               33
10               28
12               1
16               11
20               23
22               35
25               13
26               19
27               34
29               21
30               3
32               2
_               _
a               b
---------------------------------
exec ra-------instruction number 90

                18
                17
                31
6               5
7               24
8               15
9               14
10               33
12               28
16               1
20               11
22               23
25               35
26               13
27               19
29               34
30               21
32               3
4               2
_               _
a               b
---------------------------------
exec pa-------instruction number 91

                17
18               31
6               5
7               24
8               15
9               14
10               33
12               28
16               1
20               11
22               23
25               35
26               13
27               19
29               34
30               21
32               3
4               2
_               _
a               b
---------------------------------
exec ra-------instruction number 92

                17
6               31
7               5
8               24
9               15
10               14
12               33
16               28
20               1
22               11
25               23
26               35
27               13
29               19
30               34
32               21
4               3
18               2
_               _
a               b
---------------------------------
exec sb-------instruction number 93

                31
6               17
7               5
8               24
9               15
10               14
12               33
16               28
20               1
22               11
25               23
26               35
27               13
29               19
30               34
32               21
4               3
18               2
_               _
a               b
---------------------------------
exec pa-------instruction number 94

31
6               17
7               5
8               24
9               15
10               14
12               33
16               28
20               1
22               11
25               23
26               35
27               13
29               19
30               34
32               21
4               3
18               2
_               _
a               b
---------------------------------
exec ra-------instruction number 95

6
7               17
8               5
9               24
10               15
12               14
16               33
20               28
22               1
25               11
26               23
27               35
29               13
30               19
32               34
4               21
18               3
31               2
_               _
a               b
---------------------------------
exec sb-------instruction number 96

6
7               5
8               17
9               24
10               15
12               14
16               33
20               28
22               1
25               11
26               23
27               35
29               13
30               19
32               34
4               21
18               3
31               2
_               _
a               b
---------------------------------
exec pa-------instruction number 97

5
6
7
8               17
9               24
10               15
12               14
16               33
20               28
22               1
25               11
26               23
27               35
29               13
30               19
32               34
4               21
18               3
31               2
_               _
a               b
---------------------------------
exec rrb-------instruction number 98

5
6
7
8               2
9               17
10               24
12               15
16               14
20               33
22               28
25               1
26               11
27               23
29               35
30               13
32               19
4               34
18               21
31               3
_               _
a               b
---------------------------------
exec pa-------instruction number 99

2
5
6
7
8
9               17
10               24
12               15
16               14
20               33
22               28
25               1
26               11
27               23
29               35
30               13
32               19
4               34
18               21
31               3
_               _
a               b
---------------------------------
exec sb-------instruction number 100

2
5
6
7
8
9               24
10               17
12               15
16               14
20               33
22               28
25               1
26               11
27               23
29               35
30               13
32               19
4               34
18               21
31               3
_               _
a               b
---------------------------------
exec rra-------instruction number 101

31
2
5
6
7
8               24
9               17
10               15
12               14
16               33
20               28
22               1
25               11
26               23
27               35
29               13
30               19
32               34
4               21
18               3
_               _
a               b
---------------------------------
exec pa-------instruction number 102

24
31
2
5
6
7
8
9               17
10               15
12               14
16               33
20               28
22               1
25               11
26               23
27               35
29               13
30               19
32               34
4               21
18               3
_               _
a               b
---------------------------------
exec ra-------instruction number 103

31
2
5
6
7
8
9
10               17
12               15
16               14
20               33
22               28
25               1
26               11
27               23
29               35
30               13
32               19
4               34
18               21
24               3
_               _
a               b
---------------------------------
exec ra-------instruction number 104

2
5
6
7
8
9
10
12               17
16               15
20               14
22               33
25               28
26               1
27               11
29               23
30               35
32               13
4               19
18               34
24               21
31               3
_               _
a               b
---------------------------------
exec rrb-------instruction number 105

2
5
6
7
8
9
10
12               3
16               17
20               15
22               14
25               33
26               28
27               1
29               11
30               23
32               35
4               13
18               19
24               34
31               21
_               _
a               b
---------------------------------
exec pa-------instruction number 106

3
2
5
6
7
8
9
10
12
16               17
20               15
22               14
25               33
26               28
27               1
29               11
30               23
32               35
4               13
18               19
24               34
31               21
_               _
a               b
---------------------------------
exec sa-------instruction number 107

2
3
5
6
7
8
9
10
12
16               17
20               15
22               14
25               33
26               28
27               1
29               11
30               23
32               35
4               13
18               19
24               34
31               21
_               _
a               b
---------------------------------
exec ra-------instruction number 108

3
5
6
7
8
9
10
12
16
20               17
22               15
25               14
26               33
27               28
29               1
30               11
32               23
4               35
18               13
24               19
31               34
2               21
_               _
a               b
---------------------------------
exec ra-------instruction number 109

5
6
7
8
9
10
12
16
20
22               17
25               15
26               14
27               33
29               28
30               1
32               11
4               23
18               35
24               13
31               19
2               34
3               21
_               _
a               b
---------------------------------
exec pa-------instruction number 110

17
5
6
7
8
9
10
12
16
20
22
25               15
26               14
27               33
29               28
30               1
32               11
4               23
18               35
24               13
31               19
2               34
3               21
_               _
a               b
---------------------------------
exec ra-------instruction number 111

5
6
7
8
9
10
12
16
20
22
25
26               15
27               14
29               33
30               28
32               1
4               11
18               23
24               35
31               13
2               19
3               34
17               21
_               _
a               b
---------------------------------
exec rrb-------instruction number 112

5
6
7
8
9
10
12
16
20
22
25
26               21
27               15
29               14
30               33
32               28
4               1
18               11
24               23
31               35
2               13
3               19
17               34
_               _
a               b
---------------------------------
exec pa-------instruction number 113

21
5
6
7
8
9
10
12
16
20
22
25
26
27               15
29               14
30               33
32               28
4               1
18               11
24               23
31               35
2               13
3               19
17               34
_               _
a               b
---------------------------------
exec ra-------instruction number 114

5
6
7
8
9
10
12
16
20
22
25
26
27
29               15
30               14
32               33
4               28
18               1
24               11
31               23
2               35
3               13
17               19
21               34
_               _
a               b
---------------------------------
exec rrb-------instruction number 115

5
6
7
8
9
10
12
16
20
22
25
26
27
29               34
30               15
32               14
4               33
18               28
24               1
31               11
2               23
3               35
17               13
21               19
_               _
a               b
---------------------------------
exec pa-------instruction number 116

34
5
6
7
8
9
10
12
16
20
22
25
26
27
29
30               15
32               14
4               33
18               28
24               1
31               11
2               23
3               35
17               13
21               19
_               _
a               b
---------------------------------
exec ra-------instruction number 117

5
6
7
8
9
10
12
16
20
22
25
26
27
29
30
32               15
4               14
18               33
24               28
31               1
2               11
3               23
17               35
21               13
34               19
_               _
a               b
---------------------------------
exec ra-------instruction number 118

6
7
8
9
10
12
16
20
22
25
26
27
29
30
32
4               15
18               14
24               33
31               28
2               1
3               11
17               23
21               35
34               13
5               19
_               _
a               b
---------------------------------
exec ra-------instruction number 119

7
8
9
10
12
16
20
22
25
26
27
29
30
32
4
18               15
24               14
31               33
2               28
3               1
17               11
21               23
34               35
5               13
6               19
_               _
a               b
---------------------------------
exec ra-------instruction number 120

8
9
10
12
16
20
22
25
26
27
29
30
32
4
18
24               15
31               14
2               33
3               28
17               1
21               11
34               23
5               35
6               13
7               19
_               _
a               b
---------------------------------
exec ra-------instruction number 121

9
10
12
16
20
22
25
26
27
29
30
32
4
18
24
31               15
2               14
3               33
17               28
21               1
34               11
5               23
6               35
7               13
8               19
_               _
a               b
---------------------------------
exec ra-------instruction number 122

10
12
16
20
22
25
26
27
29
30
32
4
18
24
31
2               15
3               14
17               33
21               28
34               1
5               11
6               23
7               35
8               13
9               19
_               _
a               b
---------------------------------
exec ra-------instruction number 123

12
16
20
22
25
26
27
29
30
32
4
18
24
31
2
3               15
17               14
21               33
34               28
5               1
6               11
7               23
8               35
9               13
10               19
_               _
a               b
---------------------------------
exec ra-------instruction number 124

16
20
22
25
26
27
29
30
32
4
18
24
31
2
3
17               15
21               14
34               33
5               28
6               1
7               11
8               23
9               35
10               13
12               19
_               _
a               b
---------------------------------
exec pa-------instruction number 125

15
16
20
22
25
26
27
29
30
32
4
18
24
31
2
3
17
21               14
34               33
5               28
6               1
7               11
8               23
9               35
10               13
12               19
_               _
a               b
---------------------------------
exec pa-------instruction number 126

14
15
16
20
22
25
26
27
29
30
32
4
18
24
31
2
3
17
21
34               33
5               28
6               1
7               11
8               23
9               35
10               13
12               19
_               _
a               b
---------------------------------
exec rra-------instruction number 127

12
14
15
16
20
22
25
26
27
29
30
32
4
18
24
31
2
3
17
21               33
34               28
5               1
6               11
7               23
8               35
9               13
10               19
_               _
a               b
---------------------------------
exec rra-------instruction number 128

10
12
14
15
16
20
22
25
26
27
29
30
32
4
18
24
31
2
3
17               33
21               28
34               1
5               11
6               23
7               35
8               13
9               19
_               _
a               b
---------------------------------
exec rra-------instruction number 129

9
10
12
14
15
16
20
22
25
26
27
29
30
32
4
18
24
31
2
3               33
17               28
21               1
34               11
5               23
6               35
7               13
8               19
_               _
a               b
---------------------------------
exec rra-------instruction number 130

8
9
10
12
14
15
16
20
22
25
26
27
29
30
32
4
18
24
31
2               33
3               28
17               1
21               11
34               23
5               35
6               13
7               19
_               _
a               b
---------------------------------
exec rra-------instruction number 131

7
8
9
10
12
14
15
16
20
22
25
26
27
29
30
32
4
18
24
31               33
2               28
3               1
17               11
21               23
34               35
5               13
6               19
_               _
a               b
---------------------------------
exec rra-------instruction number 132

6
7
8
9
10
12
14
15
16
20
22
25
26
27
29
30
32
4
18
24               33
31               28
2               1
3               11
17               23
21               35
34               13
5               19
_               _
a               b
---------------------------------
exec rra-------instruction number 133

5
6
7
8
9
10
12
14
15
16
20
22
25
26
27
29
30
32
4
18               33
24               28
31               1
2               11
3               23
17               35
21               13
34               19
_               _
a               b
---------------------------------
exec rra-------instruction number 134

34
5
6
7
8
9
10
12
14
15
16
20
22
25
26
27
29
30
32
4               33
18               28
24               1
31               11
2               23
3               35
17               13
21               19
_               _
a               b
---------------------------------
exec pa-------instruction number 135

33
34
5
6
7
8
9
10
12
14
15
16
20
22
25
26
27
29
30
32
4
18               28
24               1
31               11
2               23
3               35
17               13
21               19
_               _
a               b
---------------------------------
exec pa-------instruction number 136

28
33
34
5
6
7
8
9
10
12
14
15
16
20
22
25
26
27
29
30
32
4
18
24               1
31               11
2               23
3               35
17               13
21               19
_               _
a               b
inside reverse optimization main function
number of instruction is 38
inside reverse optimization b
number of instruction is 38
inside r_optimization b_b
number of instruction is 38
inside reverse optimization main function
number of instruction is 42
inside rda_bigger
inside reverse optimization less main function
number of instruction is 45
inside reverse optimization less_c function
number of instruction is 45
inside r_optimization_less c_a
number of instruction is 45
inside roptim less, the vale of check is 1
inside roptim less, the vale of new_ra is 1
inside reverse optimization less main function
number of instruction is 48
inside roptim less, the vale of new_ra is 0
inside reverse optimization main function
number of instruction is 53
inside reverse optimization main function
number of instruction is 59
inside reverse optimization main function
number of instruction is 60
inside reverse optimization main function
number of instruction is 61
inside reverse optimization main function
number of instruction is 62
inside rda_bigger
inside reverse optimization less main function
number of instruction is 68
inside reverse optimization less_a function
number of instruction is 68
inside r_optimization_less a_a
number of instruction is 68
inside roptim less, the vale of check is 1
inside roptim less, the vale of new_ra is 1
inside reverse optimization less main function
number of instruction is 70
inside reverse optimization less_b function
number of instruction is 70
inside r_optimization_less b_b
number of instruction is 70
inside roptim less, the vale of check is 1
inside roptim less, the vale of new_ra is 1
inside reverse optimization less main function
number of instruction is 74
inside reverse optimization less_b function
number of instruction is 74
inside r_optimization_less b_a
number of instruction is 74
inside roptim less, the vale of check is 1
inside roptim less, the vale of new_ra is 1
inside reverse optimization less main function
number of instruction is 77
inside roptim less, the vale of new_ra is 0
inside reverse optimization less main function
number of instruction is 78
inside reverse optimization less_a function
number of instruction is 78
inside r_optimization_less a_b
number of instruction is 78
inside roptim less, the vale of check is 1
inside reverse optimization less_c function
number of instruction is 80
inside r_optimization_less c_b
number of instruction is 80
inside roptim less, the vale of check is 2
inside roptim less, the vale of new_ra is 2
inside reverse optimization less main function
number of instruction is 84
inside roptim less, the vale of new_ra is 0
inside rdb_bigger
inside reverse optimization less main function
number of instruction is 103
inside roptim less, the vale of new_ra is 0
inside reverse optimization less main function
number of instruction is 104
inside reverse optimization less_c function
number of instruction is 104
inside r_optimization_less c_b
number of instruction is 104
inside roptim less, the vale of check is 1
inside roptim less, the vale of new_ra is 1
inside reverse optimization less main function
number of instruction is 108
inside roptim less, the vale of new_ra is 0
inside reverse optimization main function
number of instruction is 125
inside reverse optimization a
number of instruction is 125
inside r_optimization a_a
number of instruction is 125
inside reverse optimization main function
number of instruction is 127
inside reverse optimization main function
number of instruction is 128
inside reverse optimization main function
number of instruction is 129
inside reverse optimization main function
number of instruction is 130
inside reverse optimization main function
number of instruction is 131
inside reverse optimization main function
number of instruction is 132
inside rda_bigger
inside reverse optimization less main function
number of instruction is 135
inside reverse optimization less_a function
number of instruction is 135
inside r_optimization_less a_a
number of instruction is 135
inside roptim less, the vale of check is 1
inside roptim less, the val---------------------------------
exec ra-------instruction number 137

33
34
5
6
7
8
9
10
12
14
15
16
20
22
25
26
27
29
30
32
4
18
24
31               1
2               11
3               23
17               35
21               13
28               19
_               _
a               b
---------------------------------
exec ra-------instruction number 138

34
5
6
7
8
9
10
12
14
15
16
20
22
25
26
27
29
30
32
4
18
24
31
2               1
3               11
17               23
21               35
28               13
33               19
_               _
a               b
---------------------------------
exec ra-------instruction number 139

5
6
7
8
9
10
12
14
15
16
20
22
25
26
27
29
30
32
4
18
24
31
2
3               1
17               11
21               23
28               35
33               13
34               19
_               _
a               b
---------------------------------
exec pa-------instruction number 140

1
5
6
7
8
9
10
12
14
15
16
20
22
25
26
27
29
30
32
4
18
24
31
2
3
17               11
21               23
28               35
33               13
34               19
_               _
a               b
---------------------------------
exec ra-------instruction number 141

5
6
7
8
9
10
12
14
15
16
20
22
25
26
27
29
30
32
4
18
24
31
2
3
17
21               11
28               23
33               35
34               13
1               19
_               _
a               b
---------------------------------
exec ra-------instruction number 142

6
7
8
9
10
12
14
15
16
20
22
25
26
27
29
30
32
4
18
24
31
2
3
17
21
28               11
33               23
34               35
1               13
5               19
_               _
a               b
---------------------------------
exec ra-------instruction number 143

7
8
9
10
12
14
15
16
20
22
25
26
27
29
30
32
4
18
24
31
2
3
17
21
28
33               11
34               23
1               35
5               13
6               19
_               _
a               b
---------------------------------
exec ra-------instruction number 144

8
9
10
12
14
15
16
20
22
25
26
27
29
30
32
4
18
24
31
2
3
17
21
28
33
34               11
1               23
5               35
6               13
7               19
_               _
a               b
---------------------------------
exec ra-------instruction number 145

9
10
12
14
15
16
20
22
25
26
27
29
30
32
4
18
24
31
2
3
17
21
28
33
34
1               11
5               23
6               35
7               13
8               19
_               _
a               b
---------------------------------
exec ra-------instruction number 146

10
12
14
15
16
20
22
25
26
27
29
30
32
4
18
24
31
2
3
17
21
28
33
34
1
5               11
6               23
7               35
8               13
9               19
_               _
a               b
---------------------------------
exec ra-------instruction number 147

12
14
15
16
20
22
25
26
27
29
30
32
4
18
24
31
2
3
17
21
28
33
34
1
5
6               11
7               23
8               35
9               13
10               19
_               _
a               b
---------------------------------
exec pa-------instruction number 148

11
12
14
15
16
20
22
25
26
27
29
30
32
4
18
24
31
2
3
17
21
28
33
34
1
5
6
7               23
8               35
9               13
10               19
_               _
a               b
---------------------------------
exec rra-------instruction number 149

10
11
12
14
15
16
20
22
25
26
27
29
30
32
4
18
24
31
2
3
17
21
28
33
34
1
5
6               23
7               35
8               13
9               19
_               _
a               b
---------------------------------
exec rra-------instruction number 150

9
10
11
12
14
15
16
20
22
25
26
27
29
30
32
4
18
24
31
2
3
17
21
28
33
34
1
5               23
6               35
7               13
8               19
_               _
a               b
---------------------------------
exec rra-------instruction number 151

8
9
10
11
12
14
15
16
20
22
25
26
27
29
30
32
4
18
24
31
2
3
17
21
28
33
34
1               23
5               35
6               13
7               19
_               _
a               b
---------------------------------
exec rra-------instruction number 152

7
8
9
10
11
12
14
15
16
20
22
25
26
27
29
30
32
4
18
24
31
2
3
17
21
28
33
34               23
1               35
5               13
6               19
_               _
a               b
---------------------------------
exec rra-------instruction number 153

6
7
8
9
10
11
12
14
15
16
20
22
25
26
27
29
30
32
4
18
24
31
2
3
17
21
28
33               23
34               35
1               13
5               19
_               _
a               b
---------------------------------
exec rra-------instruction number 154

5
6
7
8
9
10
11
12
14
15
16
20
22
25
26
27
29
30
32
4
18
24
31
2
3
17
21
28               23
33               35
34               13
1               19
_               _
a               b
---------------------------------
exec rra-------instruction number 155

1
5
6
7
8
9
10
11
12
14
15
16
20
22
25
26
27
29
30
32
4
18
24
31
2
3
17
21               23
28               35
33               13
34               19
_               _
a               b
---------------------------------
exec sb-------instruction number 156

1
5
6
7
8
9
10
11
12
14
15
16
20
22
25
26
27
29
30
32
4
18
24
31
2
3
17
21               35
28               23
33               13
34               19
_               _
a               b
---------------------------------
exec pa-------instruction number 157

35
1
5
6
7
8
9
10
11
12
14
15
16
20
22
25
26
27
29
30
32
4
18
24
31
2
3
17
21
28               23
33               13
34               19
_               _
a               b
---------------------------------
exec ra-------instruction number 158

1
5
6
7
8
9
10
11
12
14
15
16
20
22
25
26
27
29
30
32
4
18
24
31
2
3
17
21
28
33               23
34               13
35               19
_               _
a               b
---------------------------------
exec sb-------instruction number 159

1
5
6
7
8
9
10
11
12
14
15
16
20
22
25
26
27
29
30
32
4
18
24
31
2
3
17
21
28
33               13
34               23
35               19
_               _
a               b
---------------------------------
exec ra-------instruction number 160

5
6
7
8
9
10
11
12
14
15
16
20
22
25
26
27
29
30
32
4
18
24
31
2
3
17
21
28
33
34               13
35               23
1               19
_               _
a               b
---------------------------------
exec ra-------instruction number 161

6
7
8
9
10
11
12
14
15
16
20
22
25
26
27
29
30
32
4
18
24
31
2
3
17
21
28
33
34
35               13
1               23
5               19
_               _
a               b
---------------------------------
exec ra-------instruction number 162

7
8
9
10
11
12
14
15
16
20
22
25
26
27
29
30
32
4
18
24
31
2
3
17
21
28
33
34
35
1               13
5               23
6               19
_               _
a               b
---------------------------------
exec ra-------instruction number 163

8
9
10
11
12
14
15
16
20
22
25
26
27
29
30
32
4
18
24
31
2
3
17
21
28
33
34
35
1
5               13
6               23
7               19
_               _
a               b
---------------------------------
exec ra-------instruction number 164

9
10
11
12
14
15
16
20
22
25
26
27
29
30
32
4
18
24
31
2
3
17
21
28
33
34
35
1
5
6               13
7               23
8               19
_               _
a               b
---------------------------------
exec ra-------instruction number 165

10
11
12
14
15
16
20
22
25
26
27
29
30
32
4
18
24
31
2
3
17
21
28
33
34
35
1
5
6
7               13
8               23
9               19
_               _
a               b
---------------------------------
exec ra-------instruction number 166

11
12
14
15
16
20
22
25
26
27
29
30
32
4
18
24
31
2
3
17
21
28
33
34
35
1
5
6
7
8               13
9               23
10               19
_               _
a               b
---------------------------------
exec ra-------instruction number 167

12
14
15
16
20
22
25
26
27
29
30
32
4
18
24
31
2
3
17
21
28
33
34
35
1
5
6
7
8
9               13
10               23
11               19
_               _
a               b
---------------------------------
exec ra-------instruction number 168

14
15
16
20
22
25
26
27
29
30
32
4
18
24
31
2
3
17
21
28
33
34
35
1
5
6
7
8
9
10               13
11               23
12               19
_               _
a               b
---------------------------------
exec pa-------instruction number 169

13
14
15
16
20
22
25
26
27
29
30
32
4
18
24
31
2
3
17
21
28
33
34
35
1
5
6
7
8
9
10
11               23
12               19
_               _
a               b
---------------------------------
exec rra-------instruction number 170

12
13
14
15
16
20
22
25
26
27
29
30
32
4
18
24
31
2
3
17
21
28
33
34
35
1
5
6
7
8
9
10               23
11               19
_               _
a               b
---------------------------------
exec rra-------instruction number 171

11
12
13
14
15
16
20
22
25
26
27
29
30
32
4
18
24
31
2
3
17
21
28
33
34
35
1
5
6
7
8
9               23
10               19
_               _
a               b
---------------------------------
exec rra-------instruction number 172

10
11
12
13
14
15
16
20
22
25
26
27
29
30
32
4
18
24
31
2
3
17
21
28
33
34
35
1
5
6
7
8               23
9               19
_               _
a               b
---------------------------------
exec rra-------instruction number 173

9
10
11
12
13
14
15
16
20
22
25
26
27
29
30
32
4
18
24
31
2
3
17
21
28
33
34
35
1
5
6
7               23
8               19
_               _
a               b
---------------------------------
exec rra-------instruction number 174

8
9
10
11
12
13
14
15
16
20
22
25
26
27
29
30
32
4
18
24
31
2
3
17
21
28
33
34
35
1
5
6               23
7               19
_               _
a               b
---------------------------------
exec rra-------instruction number 175

7
8
9
10
11
12
13
14
15
16
20
22
25
26
27
29
30
32
4
18
24
31
2
3
17
21
28
33
34
35
1
5               23
6               19
_               _
a               b
---------------------------------
exec rra-------instruction number 176

6
7
8
9
10
11
12
13
14
15
16
20
22
25
26
27
29
30
32
4
18
24
31
2
3
17
21
28
33
34
35
1               23
5               19
_               _
a               b
---------------------------------
exec rra-------instruction number 177

5
6
7
8
9
10
11
12
13
14
15
16
20
22
25
26
27
29
30
32
4
18
24
31
2
3
17
21
28
33
34
35               23
1               19
_               _
a               b
---------------------------------
exec rra-------instruction number 178

1
5
6
7
8
9
10
11
12
13
14
15
16
20
22
25
26
27
29
30
32
4
18
24
31
2
3
17
21
28
33
34               23
35               19
_               _
a               b
---------------------------------
exec sb-------instruction number 179

1
5
6
7
8
9
10
11
12
13
14
15
16
20
22
25
26
27
29
30
32
4
18
24
31
2
3
17
21
28
33
34               19
35               23
_               _
a               b
---------------------------------
exec ra-------instruction number 180

5
6
7
8
9
10
11
12
13
14
15
16
20
22
25
26
27
29
30
32
4
18
24
31
2
3
17
21
28
33
34
35               19
1               23
_               _
a               b
---------------------------------
exec ra-------instruction number 181

6
7
8
9
10
11
12
13
14
15
16
20
22
25
26
27
29
30
32
4
18
24
31
2
3
17
21
28
33
34
35
1               19
5               23
_               _
a               b
---------------------------------
exec ra-------instruction number 182

7
8
9
10
11
12
13
14
15
16
20
22
25
26
27
29
30
32
4
18
24
31
2
3
17
21
28
33
34
35
1
5               19
6               23
_               _
a               b
---------------------------------
exec ra-------instruction number 183

8
9
10
11
12
13
14
15
16
20
22
25
26
27
29
30
32
4
18
24
31
2
3
17
21
28
33
34
35
1
5
6               19
7               23
_               _
a               b
---------------------------------
exec ra-------instruction number 184

9
10
11
12
13
14
15
16
20
22
25
26
27
29
30
32
4
18
24
31
2
3
17
21
28
33
34
35
1
5
6
7               19
8               23
_               _
a               b
---------------------------------
exec ra-------instruction number 185

10
11
12
13
14
15
16
20
22
25
26
27
29
30
32
4
18
24
31
2
3
17
21
28
33
34
35
1
5
6
7
8               19
9               23
_               _
a               b
---------------------------------
exec ra-------instruction number 186

11
12
13
14
15
16
20
22
25
26
27
29
30
32
4
18
24
31
2
3
17
21
28
33
34
35
1
5
6
7
8
9               19
10               23
_               _
a               b
---------------------------------
exec ra-------instruction number 187

12
13
14
15
16
20
22
25
26
27
29
30
32
4
18
24
31
2
3
17
21
28
33
34
35
1
5
6
7
8
9
10               19
11               23
_               _
a               b
---------------------------------
exec ra-------instruction number 188

13
14
15
16
20
22
25
26
27
29
30
32
4
18
24
31
2
3
17
21
28
33
34
35
1
5
6
7
8
9
10
11               19
12               23
_               _
a               b
---------------------------------
exec ra-------instruction number 189

14
15
16
20
22
25
26
27
29
30
32
4
18
24
31
2
3
17
21
28
33
34
35
1
5
6
7
8
9
10
11
12               19
13               23
_               _
a               b
---------------------------------
exec ra-------instruction number 190

15
16
20
22
25
26
27
29
30
32
4
18
24
31
2
3
17
21
28
33
34
35
1
5
6
7
8
9
10
11
12
13               19
14               23
_               _
a               b
---------------------------------
exec ra-------instruction number 191

16
20
22
25
26
27
29
30
32
4
18
24
31
2
3
17
21
28
33
34
35
1
5
6
7
8
9
10
11
12
13
14               19
15               23
_               _
a               b
---------------------------------
exec ra-------instruction number 192

20
22
25
26
27
29
30
32
4
18
24
31
2
3
17
21
28
33
34
35
1
5
6
7
8
9
10
11
12
13
14
15               19
16               23
_               _
a               b
---------------------------------
exec pa-------instruction number 193

19
20
22
25
26
27
29
30
32
4
18
24
31
2
3
17
21
28
33
34
35
1
5
6
7
8
9
10
11
12
13
14
15
16               23
_               _
a               b
---------------------------------
exec rra-------instruction number 194

16
19
20
22
25
26
27
29
30
32
4
18
24
31
2
3
17
21
28
33
34
35
1
5
6
7
8
9
10
11
12
13
14
15               23
_               _
a               b
---------------------------------
exec rra-------instruction number 195

15
16
19
20
22
25
26
27
29
30
32
4
18
24
31
2
3
17
21
28
33
34
35
1
5
6
7
8
9
10
11
12
13
14               23
_               _
a               b
---------------------------------
exec rra-------instruction number 196

14
15
16
19
20
22
25
26
27
29
30
32
4
18
24
31
2
3
17
21
28
33
34
35
1
5
6
7
8
9
10
11
12
13               23
_               _
a               b
---------------------------------
exec rra-------instruction number 197

13
14
15
16
19
20
22
25
26
27
29
30
32
4
18
24
31
2
3
17
21
28
33
34
35
1
5
6
7
8
9
10
11
12               23
_               _
a               b
---------------------------------
exec rra-------instruction number 198

12
13
14
15
16
19
20
22
25
26
27
29
30
32
4
18
24
31
2
3
17
21
28
33
34
35
1
5
6
7
8
9
10
11               23
_               _
a               b
---------------------------------
exec rra-------instruction number 199

11
12
13
14
15
16
19
20
22
25
26
27
29
30
32
4
18
24
31
2
3
17
21
28
33
34
35
1
5
6
7
8
9
10               23
_               _
a               b
---------------------------------
exec rra-------instruction number 200

10
11
12
13
14
15
16
19
20
22
25
26
27
29
30
32
4
18
24
31
2
3
17
21
28
33
34
35
1
5
6
7
8
9               23
_               _
a               b
---------------------------------
exec rra-------instruction number 201

9
10
11
12
13
14
15
16
19
20
22
25
26
27
29
30
32
4
18
24
31
2
3
17
21
28
33
34
35
1
5
6
7
8               23
_               _
a               b
---------------------------------
exec rra-------instruction number 202

8
9
10
11
12
13
14
15
16
19
20
22
25
26
27
29
30
32
4
18
24
31
2
3
17
21
28
33
34
35
1
5
6
7               23
_               _
a               b
---------------------------------
exec rra-------instruction number 203

7
8
9
10
11
12
13
14
15
16
19
20
22
25
26
27
29
30
32
4
18
24
31
2
3
17
21
28
33
34
35
1
5
6               23
_               _
a               b
---------------------------------
exec rra-------instruction number 204

6
7
8
9
10
11
12
13
14
15
16
19
20
22
25
26
27
29
30
32
4
18
24
31
2
3
17
21
28
33
34
35
1
5               23
_               _
a               b
---------------------------------
exec rra-------instruction number 205

5
6
7
8
9
10
11
12
13
14
15
16
19
20
22
25
26
27
29
30
32
4
18
24
31
2
3
17
21
28
33
34
35
1               23
_               _
a               b
---------------------------------
exec rra-------instruction number 206

1
5
6
7
8
9
10
11
12
13
14
15
16
19
20
22
25
26
27
29
30
32
4
18
24
31
2
3
17
21
28
33
34
35               23
_               _
a               b
---------------------------------
exec ra-------instruction number 207

5
6
7
8
9
10
11
12
13
14
15
16
19
20
22
25
26
27
29
30
32
4
18
24
31
2
3
17
21
28
33
34
35
1               23
_               _
a               b
---------------------------------
exec ra-------instruction number 208

6
7
8
9
10
11
12
13
14
15
16
19
20
22
25
26
27
29
30
32
4
18
24
31
2
3
17
21
28
33
34
35
1
5               23
_               _
a               b
---------------------------------
exec ra-------instruction number 209

7
8
9
10
11
12
13
14
15
16
19
20
22
25
26
27
29
30
32
4
18
24
31
2
3
17
21
28
33
34
35
1
5
6               23
_               _
a               b
---------------------------------
exec ra-------instruction number 210

8
9
10
11
12
13
14
15
16
19
20
22
25
26
27
29
30
32
4
18
24
31
2
3
17
21
28
33
34
35
1
5
6
7               23
_               _
a               b
---------------------------------
exec ra-------instruction number 211

9
10
11
12
13
14
15
16
19
20
22
25
26
27
29
30
32
4
18
24
31
2
3
17
21
28
33
34
35
1
5
6
7
8               23
_               _
a               b
---------------------------------
exec ra-------instruction number 212

10
11
12
13
14
15
16
19
20
22
25
26
27
29
30
32
4
18
24
31
2
3
17
21
28
33
34
35
1
5
6
7
8
9               23
_               _
a               b
---------------------------------
exec ra-------instruction number 213

11
12
13
14
15
16
19
20
22
25
26
27
29
30
32
4
18
24
31
2
3
17
21
28
33
34
35
1
5
6
7
8
9
10               23
_               _
a               b
---------------------------------
exec ra-------instruction number 214

12
13
14
15
16
19
20
22
25
26
27
29
30
32
4
18
24
31
2
3
17
21
28
33
34
35
1
5
6
7
8
9
10
11               23
_               _
a               b
---------------------------------
exec ra-------instruction number 215

13
14
15
16
19
20
22
25
26
27
29
30
32
4
18
24
31
2
3
17
21
28
33
34
35
1
5
6
7
8
9
10
11
12               23
_               _
a               b
---------------------------------
exec ra-------instruction number 216

14
15
16
19
20
22
25
26
27
29
30
32
4
18
24
31
2
3
17
21
28
33
34
35
1
5
6
7
8
9
10
11
12
13               23
_               _
a               b
---------------------------------
exec ra-------instruction number 217

15
16
19
20
22
25
26
27
29
30
32
4
18
24
31
2
3
17
21
28
33
34
35
1
5
6
7
8
9
10
11
12
13
14               23
_               _
a               b
---------------------------------
exec ra-------instruction number 218

16
19
20
22
25
26
27
29
30
32
4
18
24
31
2
3
17
21
28
33
34
35
1
5
6
7
8
9
10
11
12
13
14
15               23
_               _
a               b
---------------------------------
exec ra-------instruction number 219

19
20
22
25
26
27
29
30
32
4
18
24
31
2
3
17
21
28
33
34
35
1
5
6
7
8
9
10
11
12
13
14
15
16               23
_               _
a               b
---------------------------------
exec ra-------instruction number 220

20
22
25
26
27
29
30
32
4
18
24
31
2
3
17
21
28
33
34
35
1
5
6
7
8
9
10
11
12
13
14
15
16
19               23
_               _
a               b
---------------------------------
exec ra-------instruction number 221

22
25
26
27
29
30
32
4
18
24
31
2
3
17
21
28
33
34
35
1
5
6
7
8
9
10
11
12
13
14
15
16
19
20               23
_               _
a               b
---------------------------------
exec ra-------instruction number 222

25
26
27
29
30
32
4
18
24
31
2
3
17
21
28
33
34
35
1
5
6
7
8
9
10
11
12
13
14
15
16
19
20
22               23
_               _
a               b
---------------------------------
exec pa-------instruction number 223

23
25
26
27
29
30
32
4
18
24
31
2
3
17
21
28
33
34
35
1
5
6
7
8
9
10
11
12
13
14
15
16
19
20
22
_               _
a               b
---------------------------------
exec rra-------instruction number 224

22
23
25
26
27
29
30
32
4
18
24
31
2
3
17
21
28
33
34
35
1
5
6
7
8
9
10
11
12
13
14
15
16
19
20
_               _
a               b
---------------------------------
exec rra-------instruction number 225

20
22
23
25
26
27
29
30
32
4
18
24
31
2
3
17
21
28
33
34
35
1
5
6
7
8
9
10
11
12
13
14
15
16
19
_               _
a               b
---------------------------------
exec rra-------instruction number 226

19
20
22
23
25
26
27
29
30
32
4
18
24
31
2
3
17
21
28
33
34
35
1
5
6
7
8
9
10
11
12
13
14
15
16
_               _
a               b
---------------------------------
exec rra-------instruction number 227

16
19
20
22
23
25
26
27
29
30
32
4
18
24
31
2
3
17
21
28
33
34
35
1
5
6
7
8
9
10
11
12
13
14
15
_               _
a               b
---------------------------------
exec rra-------instruction number 228

15
16
19
20
22
23
25
26
27
29
30
32
4
18
24
31
2
3
17
21
28
33
34
35
1
5
6
7
8
9
10
11
12
13
14
_               _
a               b
---------------------------------
exec rra-------instruction number 229

14
15
16
19
20
22
23
25
26
27
29
30
32
4
18
24
31
2
3
17
21
28
33
34
35
1
5
6
7
8
9
10
11
12
13
_               _
a               b
---------------------------------
exec rra-------instruction number 230

13
14
15
16
19
20
22
23
25
26
27
29
30
32
4
18
24
31
2
3
17
21
28
33
34
35
1
5
6
7
8
9
10
11
12
_               _
a               b
---------------------------------
exec rra-------instruction number 231

12
13
14
15
16
19
20
22
23
25
26
27
29
30
32
4
18
24
31
2
3
17
21
28
33
34
35
1
5
6
7
8
9
10
11
_               _
a               b
---------------------------------
exec rra-------instruction number 232

11
12
13
14
15
16
19
20
22
23
25
26
27
29
30
32
4
18
24
31
2
3
17
21
28
33
34
35
1
5
6
7
8
9
10
_               _
a               b
---------------------------------
exec rra-------instruction number 233

10
11
12
13
14
15
16
19
20
22
23
25
26
27
29
30
32
4
18
24
31
2
3
17
21
28
33
34
35
1
5
6
7
8
9
_               _
a               b
---------------------------------
exec rra-------instruction number 234

9
10
11
12
13
14
15
16
19
20
22
23
25
26
27
29
30
32
4
18
24
31
2
3
17
21
28
33
34
35
1
5
6
7
8
_               _
a               b
---------------------------------
exec rra-------instruction number 235

8
9
10
11
12
13
14
15
16
19
20
22
23
25
26
27
29
30
32
4
18
24
31
2
3
17
21
28
33
34
35
1
5
6
7
_               _
a               b
---------------------------------
exec rra-------instruction number 236

7
8
9
10
11
12
13
14
15
16
19
20
22
23
25
26
27
29
30
32
4
18
24
31
2
3
17
21
28
33
34
35
1
5
6
_               _
a               b
---------------------------------
exec rra-------instruction number 237

6
7
8
9
10
11
12
13
14
15
16
19
20
22
23
25
26
27
29
30
32
4
18
24
31
2
3
17
21
28
33
34
35
1
5
_               _
a               b
---------------------------------
exec rra-------instruction number 238

5
6
7
8
9
10
11
12
13
14
15
16
19
20
22
23
25
26
27
29
30
32
4
18
24
31
2
3
17
21
28
33
34
35
1
_               _
a               b
---------------------------------
exec rra-------instruction number 239

1
5
6
7
8
9
10
11
12
13
14
15
16
19
20
22
23
25
26
27
29
30
32
4
18
24
31
2
3
17
21
28
33
34
35
_               _
a               b
e of new_ra is 1
inside reverse optimization less main function
number of instruction is 137
inside roptim less, the vale of new_ra is 0
inside reverse optimization main function
number of instruction is 148
inside reverse optimization main function
number of instruction is 149
inside reverse optimization main function
number of instruction is 150
inside reverse optimization main function
number of instruction is 151
inside reverse optimization main function
number of instruction is 152
inside reverse optimization main function
number of instruction is 153
inside reverse optimization main function
number of instruction is 154
inside reverse optimization main function
number of instruction is 169
inside reverse optimization main function
number of instruction is 170
inside reverse optimization main function
number of instruction is 171
inside reverse optimization main function
number of instruction is 172
inside reverse optimization main function
number of instruction is 173
inside reverse optimization main function
number of instruction is 174
inside reverse optimization main function
number of instruction is 175
inside reverse optimization main function
number of instruction is 176
inside reverse optimization main function
number of instruction is 177
inside reverse optimization main function
number of instruction is 193
inside reverse optimization main function
number of instruction is 194
inside reverse optimization main function
number of instruction is 195
inside reverse optimization main function
number of instruction is 196
inside reverse optimization main function
number of instruction is 197
inside reverse optimization main function
number of instruction is 198
inside reverse optimization main function
number of instruction is 199
inside reverse optimization main function
number of instruction is 200
inside reverse optimization main function
number of instruction is 201
inside reverse optimization main function
number of instruction is 202
inside reverse optimization main function
number of instruction is 203
inside reverse optimization main function
number of instruction is 204
inside reverse optimization main function
number of instruction is 205
inside reverse optimization main function
number of instruction is 223
inside reverse optimization main function
number of instruction is 224
inside reverse optimization main function
number of instruction is 225
inside reverse optimization main function
number of instruction is 226
inside reverse optimization main function
number of instruction is 227
inside reverse optimization main function
number of instruction is 228
inside reverse optimization main function
number of instruction is 229
inside reverse optimization main function
number of instruction is 230
inside reverse optimization main function
number of instruction is 231
inside reverse optimization main function
number of instruction is 232
inside reverse optimization main function
number of instruction is 233
inside reverse optimization main function
number of instruction is 234
inside reverse optimization main function
number of instruction is 235
inside reverse optimization main function
number of instruction is 236
inside reverse optimization main function
number of instruction is 237
inside reverse optimization main function
number of instruction is 238
