---------------------------------
Before sorting 
63
69
56
96
11
16
100
95
94
24
89
65
91
92
81
7
3
6
87
31
15
44
84
61
2
12
20
72
38
13
73
45
9
23
48
86
29
66
18
58
76
39
41
37
59
78
79
53
60
25
50
46
36
57
98
35
77
52
75
99
5
27
49
51
17
34
64
62
4
85
67
97
55
82
70
26
21
8
28
80
93
68
10
47
40
43
14
83
90
88
19
30
74
42
71
33
22
54
1
32
_               _
a               b
number of instructions is 625
21
26
30
35
36
37
38
40
42
49
54
56
63
65
69
89
91
92
94
95
96
100
1
7
81
87
3
6
11
15
31
44
84
2
12
61
72
73
9
13
16
20
22
23
29
39
41
45
48
53
58
59
66
71
76
78
79
86
18
24
25
46
50
57
60
75
77
98
99
5
27
52
17
32
33
34
51
55
62
64
67
68
70
80
82
85
93
97
4
8
10
28
47
83
88
90
14
19
43
74
