---------------------------------
Before sorting 
24
37
40
1
9
22
33
0
27
8
38
12
10
36
25
3
5
11
20
30
6
31
17
28
29
7
13
21
4
14
26
15
23
19
32
2
34
18
35
16
39
_               _
a               b
---------------------------------
exec pb
24               0
40               0
1               0
9               0
22               0
33               0
0               0
27               0
8               0
38               0
12               0
10               0
36               0
25               0
3               0
5               0
11               0
20               0
30               0
6               0
31               0
17               0
28               0
29               0
7               0
13               0
21               0
4               0
14               0
26               0
15               0
23               0
19               0
32               0
2               0
34               0
18               0
35               0
16               0
39               0
39               0
_               _
a               b
---------------------------------
exec pb
24               0
1               0
9               0
22               0
33               0
0               0
27               0
8               0
38               0
12               0
10               0
36               0
25               0
3               0
5               0
11               0
20               0
30               0
6               0
31               0
17               0
28               0
29               0
7               0
13               0
21               0
4               0
14               0
26               0
15               0
23               0
19               0
32               0
2               0
34               0
18               0
35               0
16               0
39               0
39               0
39               0
_               _
a               b
---------------------------------
exec pb
24               0
9               0
22               0
33               0
0               0
27               0
8               0
38               0
12               0
10               0
36               0
25               0
3               0
5               0
11               0
20               0
30               0
6               0
31               0
17               0
28               0
29               0
7               0
13               0
21               0
4               0
14               0
26               0
15               0
23               0
19               0
32               0
2               0
34               0
18               0
35               0
16               0
39               0
39               0
39               0
39               0
_               _
a               b
---------------------------------
exec pb
24               0
22               0
33               0
0               0
27               0
8               0
38               0
12               0
10               0
36               0
25               0
3               0
5               0
11               0
20               0
30               0
6               0
31               0
17               0
28               0
29               0
7               0
13               0
21               0
4               0
14               0
26               0
15               0
23               0
19               0
32               0
2               0
34               0
18               0
35               0
16               0
39               0
39               0
39               0
39               0
39               0
_               _
a               b
---------------------------------
exec pb
24               0
33               0
0               0
27               0
8               0
38               0
12               0
10               0
36               0
25               0
3               0
5               0
11               0
20               0
30               0
6               0
31               0
17               0
28               0
29               0
7               0
13               0
21               0
4               0
14               0
26               0
15               0
23               0
19               0
32               0
2               0
34               0
18               0
35               0
16               0
39               0
39               0
39               0
39               0
39               0
39               0
_               _
a               b
---------------------------------
exec pb
24               0
0               0
27               0
8               0
38               0
12               0
10               0
36               0
25               0
3               0
5               0
11               0
20               0
30               0
6               0
31               0
17               0
28               0
29               0
7               0
13               0
21               0
4               0
14               0
26               0
15               0
23               0
19               0
32               0
2               0
34               0
18               0
35               0
16               0
39               0
39               0
39               0
39               0
39               0
39               0
39               0
_               _
a               b
---------------------------------
exec pb
24               0
27               0
8               0
38               0
12               0
10               0
36               0
25               0
3               0
5               0
11               0
20               0
30               0
6               0
31               0
17               0
28               0
29               0
7               0
13               0
21               0
4               0
14               0
26               0
15               0
23               0
19               0
32               0
2               0
34               0
18               0
35               0
16               0
39               0
39               0
39               0
39               0
39               0
39               0
39               0
39               0
_               _
a               b
---------------------------------
exec pb
24               0
8               0
38               0
12               0
10               0
36               0
25               0
3               0
5               0
11               0
20               0
30               0
6               0
31               0
17               0
28               0
29               0
7               0
13               0
21               0
4               0
14               0
26               0
15               0
23               0
19               0
32               0
2               0
34               0
18               0
35               0
16               0
39               0
39               0
39               0
39               0
39               0
39               0
39               0
39               0
39               0
_               _
a               b
---------------------------------
exec pb
24               0
38               0
12               0
10               0
36               0
25               0
3               0
5               0
11               0
20               0
30               0
6               0
31               0
17               0
28               0
29               0
7               0
13               0
21               0
4               0
14               0
26               0
15               0
23               0
19               0
32               0
2               0
34               0
18               0
35               0
16               0
39               0
39               0
39               0
39               0
39               0
39               0
39               0
39               0
39               0
39               0
_               _
a               b
---------------------------------
exec pb
24               0
12               0
10               0
36               0
25               0
3               0
5               0
11               0
20               0
30               0
6               0
31               0
17               0
28               0
29               0
7               0
13               0
21               0
4               0
14               0
26               0
15               0
23               0
19               0
32               0
2               0
34               0
18               0
35               0
16               0
39               0
39               0
39               0
39               0
39               0
39               0
39               0
39               0
39               0
39               0
39               0
_               _
a               b
---------------------------------
exec pb
24               0
10               0
36               0
25               0
3               0
5               0
11               0
20               0
30               0
6               0
31               0
17               0
28               0
29               0
7               0
13               0
21               0
4               0
14               0
26               0
15               0
23               0
19               0
32               0
2               0
34               0
18               0
35               0
16               0
39               0
39               0
39               0
39               0
39               0
39               0
39               0
39               0
39               0
39               0
39               0
39               0
_               _
a               b
---------------------------------
exec pb
24               0
36               0
25               0
3               0
5               0
11               0
20               0
30               0
6               0
31               0
17               0
28               0
29               0
7               0
13               0
21               0
4               0
14               0
26               0
15               0
23               0
19               0
32               0
2               0
34               0
18               0
35               0
16               0
39               0
39               0
39               0
39               0
39               0
39               0
39               0
39               0
39               0
39               0
39               0
39               0
39               0
_               _
a               b
---------------------------------
exec pb
24               0
25               0
3               0
5               0
11               0
20               0
30               0
6               0
31               0
17               0
28               0
29               0
7               0
13               0
21               0
4               0
14               0
26               0
15               0
23               0
19               0
32               0
2               0
34               0
18               0
35               0
16               0
39               0
39               0
39               0
39               0
39               0
39               0
39               0
39               0
39               0
39               0
39               0
39               0
39               0
39               0
_               _
a               b
---------------------------------
exec pb
24               0
3               0
5               0
11               0
20               0
30               0
6               0
31               0
17               0
28               0
29               0
7               0
13               0
21               0
4               0
14               0
26               0
15               0
23               0
19               0
32               0
2               0
34               0
18               0
35               0
16               0
39               0
39               0
39               0
39               0
39               0
39               0
39               0
39               0
39               0
39               0
39               0
39               0
39               0
39               0
39               0
_               _
a               b
---------------------------------
exec pb
24               0
5               0
11               0
20               0
30               0
6               0
31               0
17               0
28               0
29               0
7               0
13               0
21               0
4               0
14               0
26               0
15               0
23               0
19               0
32               0
2               0
34               0
18               0
35               0
16               0
39               0
39               0
39               0
39               0
39               0
39               0
39               0
39               0
39               0
39               0
39               0
39               0
39               0
39               0
39               0
39               0
_               _
a               b
---------------------------------
exec pb
24               0
11               0
20               0
30               0
6               0
31               0
17               0
28               0
29               0
7               0
13               0
21               0
4               0
14               0
26               0
15               0
23               0
19               0
32               0
2               0
34               0
18               0
35               0
16               0
39               0
39               0
39               0
39               0
39               0
39               0
39               0
39               0
39               0
39               0
39               0
39               0
39               0
39               0
39               0
39               0
39               0
_               _
a               b
---------------------------------
exec pb
24               0
20               0
30               0
6               0
31               0
17               0
28               0
29               0
7               0
13               0
21               0
4               0
14               0
26               0
15               0
23               0
19               0
32               0
2               0
34               0
18               0
35               0
16               0
39               0
39               0
39               0
39               0
39               0
39               0
39               0
39               0
39               0
39               0
39               0
39               0
39               0
39               0
39               0
39               0
39               0
39               0
_               _
a               b
---------------------------------
exec pb
24               0
30               0
6               0
31               0
17               0
28               0
29               0
7               0
13               0
21               0
4               0
14               0
26               0
15               0
23               0
19               0
32               0
2               0
34               0
18               0
35               0
16               0
39               0
39               0
39               0
39               0
39               0
39               0
39               0
39               0
39               0
39               0
39               0
39               0
39               0
39               0
39               0
39               0
39               0
39               0
39               0
_               _
a               b
---------------------------------
exec pb
24               0
6               0
31               0
17               0
28               0
29               0
7               0
13               0
21               0
4               0
14               0
26               0
15               0
23               0
19               0
32               0
2               0
34               0
18               0
35               0
16               0
39               0
39               0
39               0
39               0
39               0
39               0
39               0
39               0
39               0
39               0
39               0
39               0
39               0
39               0
39               0
39               0
39               0
39               0
39               0
39               0
_               _
a               b
---------------------------------
exec pb
24               0
31               0
17               0
28               0
29               0
7               0
13               0
21               0
4               0
14               0
26               0
15               0
23               0
19               0
32               0
2               0
34               0
18               0
35               0
16               0
39               0
39               0
39               0
39               0
39               0
39               0
39               0
39               0
39               0
39               0
39               0
39               0
39               0
39               0
39               0
39               0
39               0
39               0
39               0
39               0
39               0
_               _
a               b
---------------------------------
exec pb
24               0
17               0
28               0
29               0
7               0
13               0
21               0
4               0
14               0
26               0
15               0
23               0
19               0
32               0
2               0
34               0
18               0
35               0
16               0
39               0
39               0
39               0
39               0
39               0
39               0
39               0
39               0
39               0
39               0
39               0
39               0
39               0
39               0
39               0
39               0
39               0
39               0
39               0
39               0
39               0
39               0
_               _
a               b
---------------------------------
exec pb
24               0
28               0
29               0
7               0
13               0
21               0
4               0
14               0
26               0
15               0
23               0
19               0
32               0
2               0
34               0
18               0
35               0
16               0
39               0
39               0
39               0
39               0
39               0
39               0
39               0
39               0
39               0
39               0
39               0
39               0
39               0
39               0
39               0
39               0
39               0
39               0
39               0
39               0
39               0
39               0
39               0
_               _
a               b
---------------------------------
exec pb
24               0
29               0
7               0
13               0
21               0
4               0
14               0
26               0
15               0
23               0
19               0
32               0
2               0
34               0
18               0
35               0
16               0
39               0
39               0
39               0
39               0
39               0
39               0
39               0
39               0
39               0
39               0
39               0
39               0
39               0
39               0
39               0
39               0
39               0
39               0
39               0
39               0
39               0
39               0
39               0
39               0
_               _
a               b
---------------------------------
exec pb
24               0
7               0
13               0
21               0
4               0
14               0
26               0
15               0
23               0
19               0
32               0
2               0
34               0
18               0
35               0
16               0
39               0
39               0
39               0
39               0
39               0
39               0
39               0
39               0
39               0
39               0
39               0
39               0
39               0
39               0
39               0
39               0
39               0
39               0
39               0
39               0
39               0
39               0
39               0
39               0
39               0
_               _
a               b
---------------------------------
exec pb
24               0
13               0
21               0
4               0
14               0
26               0
15               0
23               0
19               0
32               0
2               0
34               0
18               0
35               0
16               0
39               0
39               0
39               0
39               0
39               0
39               0
39               0
39               0
39               0
39               0
39               0
39               0
39               0
39               0
39               0
39               0
39               0
39               0
39               0
39               0
39               0
39               0
39               0
39               0
39               0
39               0
_               _
a               b
---------------------------------
exec pb
24               0
21               0
4               0
14               0
26               0
15               0
23               0
19               0
32               0
2               0
34               0
18               0
35               0
16               0
39               0
39               0
39               0
39               0
39               0
39               0
39               0
39               0
39               0
39               0
39               0
39               0
39               0
39               0
39               0
39               0
39               0
39               0
39               0
39               0
39               0
39               0
39               0
39               0
39               0
39               0
39               0
_               _
a               b
---------------------------------
exec pb
24               0
4               0
14               0
26               0
15               0
23               0
19               0
32               0
2               0
34               0
18               0
35               0
16               0
39               0
39               0
39               0
39               0
39               0
39               0
39               0
39               0
39               0
39               0
39               0
39               0
39               0
39               0
39               0
39               0
39               0
39               0
39               0
39               0
39               0
39               0
39               0
39               0
39               0
39               0
39               0
39               0
_               _
a               b
---------------------------------
exec pb
24               0
14               0
26               0
15               0
23               0
19               0
32               0
2               0
34               0
18               0
35               0
16               0
39               0
39               0
39               0
39               0
39               0
39               0
39               0
39               0
39               0
39               0
39               0
39               0
39               0
39               0
39               0
39               0
39               0
39               0
39               0
39               0
39               0
39               0
39               0
39               0
39               0
39               0
39               0
39               0
39               0
_               _
a               b
---------------------------------
exec pb
24               0
26               0
15               0
23               0
19               0
32               0
2               0
34               0
18               0
35               0
16               0
39               0
39               0
39               0
39               0
39               0
39               0
39               0
39               0
39               0
39               0
39               0
39               0
39               0
39               0
39               0
39               0
39               0
39               0
39               0
39               0
39               0
39               0
39               0
39               0
39               0
39               0
39               0
39               0
39               0
39               0
_               _
a               b
---------------------------------
exec pb
24               0
15               0
23               0
19               0
32               0
2               0
34               0
18               0
35               0
16               0
39               0
39               0
39               0
39               0
39               0
39               0
39               0
39               0
39               0
39               0
39               0
39               0
39               0
39               0
39               0
39               0
39               0
39               0
39               0
39               0
39               0
39               0
39               0
39               0
39               0
39               0
39               0
39               0
39               0
39               0
39               0
_               _
a               b
---------------------------------
exec pb
24               0
23               0
19               0
32               0
2               0
34               0
18               0
35               0
16               0
39               0
39               0
39               0
39               0
39               0
39               0
39               0
39               0
39               0
39               0
39               0
39               0
39               0
39               0
39               0
39               0
39               0
39               0
39               0
39               0
39               0
39               0
39               0
39               0
39               0
39               0
39               0
39               0
39               0
39               0
39               0
39               0
_               _
a               b
---------------------------------
exec pb
24               0
19               0
32               0
2               0
34               0
18               0
35               0
16               0
39               0
39               0
39               0
39               0
39               0
39               0
39               0
39               0
39               0
39               0
39               0
39               0
39               0
39               0
39               0
39               0
39               0
39               0
39               0
39               0
39               0
39               0
39               0
39               0
39               0
39               0
39               0
39               0
39               0
39               0
39               0
39               0
39               0
_               _
a               b
---------------------------------
exec pb
24               0
32               0
2               0
34               0
18               0
35               0
16               0
39               0
39               0
39               0
39               0
39               0
39               0
39               0
39               0
39               0
39               0
39               0
39               0
39               0
39               0
39               0
39               0
39               0
39               0
39               0
39               0
39               0
39               0
39               0
39               0
39               0
39               0
39               0
39               0
39               0
39               0
39               0
39               0
39               0
39               0
_               _
a               b
---------------------------------
exec pb
24               0
2               0
34               0
18               0
35               0
16               0
39               0
39               0
39               0
39               0
39               0
39               0
39               0
39               0
39               0
39               0
39               0
39               0
39               0
39               0
39               0
39               0
39               0
39               0
39               0
39               0
39               0
39               0
39               0
39               0
39               0
39               0
39               0
39               0
39               0
39               0
39               0
39               0
39               0
39               0
39               0
_               _
a               b
---------------------------------
exec pb
24               0
34               0
18               0
35               0
16               0
39               0
39               0
39               0
39               0
39               0
39               0
39               0
39               0
39               0
39               0
39               0
39               0
39               0
39               0
39               0
39               0
39               0
39               0
39               0
39               0
39               0
39               0
39               0
39               0
39               0
39               0
39               0
39               0
39               0
39               0
39               0
39               0
39               0
39               0
39               0
39               0
_               _
a               b
---------------------------------
exec pb
24               0
18               0
35               0
16               0
39               0
39               0
39               0
39               0
39               0
39               0
39               0
39               0
39               0
39               0
39               0
39               0
39               0
39               0
39               0
39               0
39               0
39               0
39               0
39               0
39               0
39               0
39               0
39               0
39               0
39               0
39               0
39               0
39               0
39               0
39               0
39               0
39               0
39               0
39               0
39               0
39               0
_               _
a               b
---------------------------------
exec pb
24               0
35               0
16               0
39               0
39               0
39               0
39               0
39               0
39               0
39               0
39               0
39               0
39               0
39               0
39               0
39               0
39               0
39               0
39               0
39               0
39               0
39               0
39               0
39               0
39               0
39               0
39               0
39               0
39               0
39               0
39               0
39               0
39               0
39               0
39               0
39               0
39               0
39               0
39               0
39               0
39               0
_               _
a               b
---------------------------------
exec pb
24               0
16               0
39               0
39               0
39               0
39               0
39               0
39               0
39               0
39               0
39               0
39               0
39               0
39               0
39               0
39               0
39               0
39               0
39               0
39               0
39               0
39               0
39               0
39               0
39               0
39               0
39               0
39               0
39               0
39               0
39               0
39               0
39               0
39               0
39               0
39               0
39               0
39               0
39               0
39               0
39               0
_               _
a               b
---------------------------------
exec sa
16               0
24               0
39               0
39               0
39               0
39               0
39               0
39               0
39               0
39               0
39               0
39               0
39               0
39               0
39               0
39               0
39               0
39               0
39               0
39               0
39               0
39               0
39               0
39               0
39               0
39               0
39               0
39               0
39               0
39               0
39               0
39               0
39               0
39               0
39               0
39               0
39               0
39               0
39               0
39               0
39               0
_               _
a               b
number of instructions is 39
